{
  "network_id": 1,
  "spread_model": "IC",
  "correlations": [
    {
      "spread": "IC",
      "prob": 0.25,
      "n_rows": 60000,
      "avg": 0.112589,
      "std": 0.272527,
      "removed": 0,
      "labels": [
        "dir=IN;k=0",
        "dir=IN;k=1",
        "dir=IN;k=4",
        "dir=IN;k=6",
        "dir=OUT;k=0",
        "dir=OUT;k=1",
        "dir=OUT;k=4",
        "dir=OUT;k=6",
        "dir=ALL;k=0",
        "dir=ALL;k=1",
        "dir=ALL;k=4",
        "dir=ALL;k=6"
      ],
      "matrix": [
        [
          1.0,
          0.081379,
          0.015288,
          0.011459,
          0.146972,
          0.160955,
          0.017272,
          0.03081,
          0.134839,
          0.088524,
          -0.007865,
          0.019096
        ],
        [
          0.081379,
          1.0,
          0.029059,
          0.002833,
          0.067964,
          0.078714,
          0.000862,
          0.007099,
          0.074228,
          0.116421,
          0.008246,
          -0.000789
        ],
        [
          0.015288,
          0.029059,
          1.0,
          -0.001199,
          0.016968,
          0.017456,
          -0.008252,
          -0.043041,
          -0.000405,
          0.004291,
          0.018076,
          -0.000472
        ],
        [
          0.011459,
          0.002833,
          -0.001199,
          1.0,
          0.016683,
          -0.002113,
          0.004948,
          0.017757,
          0.003012,
          -0.004001,
          0.013452,
          0.006516
        ],
        [
          0.146972,
          0.067964,
          0.016968,
          0.016683,
          1.0,
          0.14107,
          0.000147,
          0.023947,
          0.124046,
          0.116042,
          0.012882,
          0.019103
        ],
        [
          0.160955,
          0.078714,
          0.017456,
          -0.002113,
          0.14107,
          1.0,
          0.00015,
          0.02636,
          0.142175,
          0.141096,
          0.023998,
          0.00307
        ],
        [
          0.017272,
          0.000862,
          -0.008252,
          0.004948,
          0.000147,
          0.00015,
          1.0,
          0.027084,
          0.000488,
          -0.004329,
          -0.005742,
          -0.026688
        ],
        [
          0.03081,
          0.007099,
          -0.043041,
          0.017757,
          0.023947,
          0.02636,
          0.027084,
          1.0,
          0.00714,
          0.006687,
          0.001166,
          -0.010191
        ],
        [
          0.134839,
          0.074228,
          -0.000405,
          0.003012,
          0.124046,
          0.142175,
          0.000488,
          0.00714,
          1.0,
          0.106404,
          0.023723,
          0.01675
        ],
        [
          0.088524,
          0.116421,
          0.004291,
          -0.004001,
          0.116042,
          0.141096,
          -0.004329,
          0.006687,
          0.106404,
          1.0,
          0.014891,
          0.030889
        ],
        [
          -0.007865,
          0.008246,
          0.018076,
          0.013452,
          0.012882,
          0.023998,
          -0.005742,
          0.001166,
          0.023723,
          0.014891,
          1.0,
          0.00098
        ],
        [
          0.019096,
          -0.000789,
          -0.000472,
          0.006516,
          0.019103,
          0.00307,
          -0.026688,
          -0.010191,
          0.01675,
          0.030889,
          0.00098,
          1.0
        ]
      ],
      "significant": [
        [
          true,
          true,
          false,
          false,
          true,
          true,
          false,
          true,
          true,
          true,
          false,
          false
        ],
        [
          true,
          true,
          true,
          false,
          true,
          true,
          false,
          false,
          true,
          true,
          false,
          false
        ],
        [
          false,
          true,
          true,
          false,
          false,
          false,
          false,
          true,
          false,
          false,
          false,
          false
        ],
        [
          false,
          false,
          false,
          true,
          false,
          false,
          false,
          false,
          false,
          false,
          false,
          false
        ],
        [
          true,
          true,
          false,
          false,
          true,
          true,
          false,
          false,
          true,
          true,
          false,
          false
        ],
        [
          true,
          true,
          false,
          false,
          true,
          true,
          false,
          false,
          true,
          true,
          false,
          false
        ],
        [
          false,
          false,
          false,
          false,
          false,
          false,
          true,
          false,
          false,
          false,
          false,
          false
        ],
        [
          true,
          false,
          true,
          false,
          false,
          false,
          false,
          true,
          false,
          false,
          false,
          false
        ],
        [
          true,
          true,
          false,
          false,
          true,
          true,
          false,
          false,
          true,
          true,
          false,
          false
        ],
        [
          true,
          true,
          false,
          false,
          true,
          true,
          false,
          false,
          true,
          true,
          false,
          true
        ],
        [
          false,
          false,
          false,
          false,
          false,
          false,
          false,
          false,
          false,
          false,
          true,
          false
        ],
        [
          false,
          false,
          false,
          false,
          false,
          false,
          false,
          false,
          false,
          true,
          false,
          true
        ]
      ]
    },
    {
      "spread": "IC",
      "prob": 0.5,
      "n_rows": 60000,
      "avg": 0.106908,
      "std": 0.272929,
      "removed": 0,
      "labels": [
        "dir=IN;k=0",
        "dir=IN;k=1",
        "dir=IN;k=4",
        "dir=IN;k=6",
        "dir=OUT;k=0",
        "dir=OUT;k=1",
        "dir=OUT;k=4",
        "dir=OUT;k=6",
        "dir=ALL;k=0",
        "dir=ALL;k=1",
        "dir=ALL;k=4",
        "dir=ALL;k=6"
      ],
      "matrix": [
        [
          1.0,
          0.066991,
          0.024916,
          0.017549,
          0.103392,
          0.109094,
          0.00852,
          -0.003488,
          0.122395,
          0.103859,
          0.001193,
          0.003589
        ],
        [
          0.066991,
          1.0,
          0.000994,
          -0.007088,
          0.050054,
          0.061386,
          -0.023695,
          0.004012,
          0.042924,
          0.12488,
          0.0137,
          0.000378
        ],
        [
          0.024916,
          0.000994,
          1.0,
          -0.005537,
          0.01694,
          0.02959,
          -0.002244,
          0.001643,
          0.009499,
          0.000632,
          0.012618,
          0.033466
        ],
        [
          0.017549,
          -0.007088,
          -0.005537,
          1.0,
          -0.008585,
          0.005116,
          -0.011349,
          0.01073,
          -0.023656,
          -0.01244,
          0.023021,
          0.011146
        ],
        [
          0.103392,
          0.050054,
          0.01694,
          -0.008585,
          1.0,
          0.084934,
          -0.001791,
          -0.006784,
          0.106929,
          0.106688,
          0.026798,
          0.011389
        ],
        [
          0.109094,
          0.061386,
          0.02959,
          0.005116,
          0.084934,
          1.0,
          0.013694,
          -0.009109,
          0.088765,
          0.103325,
          -0.020609,
          0.037294
        ],
        [
          0.00852,
          -0.023695,
          -0.002244,
          -0.011349,
          -0.001791,
          0.013694,
          1.0,
          0.027758,
          0.016789,
          0.024876,
          0.013678,
          -0.015285
        ],
        [
          -0.003488,
          0.004012,
          0.001643,
          0.01073,
          -0.006784,
          -0.009109,
          0.027758,
          1.0,
          0.000339,
          0.002291,
          0.000236,
          0.00254
        ],
        [
          0.122395,
          0.042924,
          0.009499,
          -0.023656,
          0.106929,
          0.088765,
          0.016789,
          0.000339,
          1.0,
          0.104618,
          0.005585,
          0.023227
        ],
        [
          0.103859,
          0.12488,
          0.000632,
          -0.01244,
          0.106688,
          0.103325,
          0.024876,
          0.002291,
          0.104618,
          1.0,
          0.017425,
          -0.010306
        ],
        [
          0.001193,
          0.0137,
          0.012618,
          0.023021,
          0.026798,
          -0.020609,
          0.013678,
          0.000236,
          0.005585,
          0.017425,
          1.0,
          0.025908
        ],
        [
          0.003589,
          0.000378,
          0.033466,
          0.011146,
          0.011389,
          0.037294,
          -0.015285,
          0.00254,
          0.023227,
          -0.010306,
          0.025908,
          1.0
        ]
      ],
      "significant": [
        [
          true,
          true,
          false,
          false,
          true,
          true,
          false,
          false,
          true,
          true,
          false,
          false
        ],
        [
          true,
          true,
          false,
          false,
          true,
          true,
          false,
          false,
          true,
          true,
          false,
          false
        ],
        [
          false,
          false,
          true,
          false,
          false,
          true,
          false,
          false,
          false,
          false,
          false,
          true
        ],
        [
          false,
          false,
          false,
          true,
          false,
          false,
          false,
          false,
          false,
          false,
          false,
          false
        ],
        [
          true,
          true,
          false,
          false,
          true,
          true,
          false,
          false,
          true,
          true,
          false,
          false
        ],
        [
          true,
          true,
          true,
          false,
          true,
          true,
          false,
          false,
          true,
          true,
          false,
          true
        ],
        [
          false,
          false,
          false,
          false,
          false,
          false,
          true,
          true,
          false,
          false,
          false,
          false
        ],
        [
          false,
          false,
          false,
          false,
          false,
          false,
          true,
          true,
          false,
          false,
          false,
          false
        ],
        [
          true,
          true,
          false,
          false,
          true,
          true,
          false,
          false,
          true,
          true,
          false,
          false
        ],
        [
          true,
          true,
          false,
          false,
          true,
          true,
          false,
          false,
          true,
          true,
          false,
          false
        ],
        [
          false,
          false,
          false,
          false,
          false,
          false,
          false,
          false,
          false,
          false,
          true,
          false
        ],
        [
          false,
          false,
          true,
          false,
          false,
          true,
          false,
          false,
          false,
          false,
          false,
          true
        ]
      ]
    },
    {
      "spread": "IC",
      "prob": 0.75,
      "n_rows": 60000,
      "avg": 0.094296,
      "std": 0.276124,
      "removed": 0,
      "labels": [
        "dir=IN;k=0",
        "dir=IN;k=1",
        "dir=IN;k=4",
        "dir=IN;k=6",
        "dir=OUT;k=0",
        "dir=OUT;k=1",
        "dir=OUT;k=4",
        "dir=OUT;k=6",
        "dir=ALL;k=0",
        "dir=ALL;k=1",
        "dir=ALL;k=4",
        "dir=ALL;k=6"
      ],
      "matrix": [
        [
          1.0,
          0.020676,
          0.003479,
          -0.010983,
          0.127261,
          0.001139,
          -0.018272,
          -0.033441,
          0.113777,
          0.077317,
          0.005,
          -0.012042
        ],
        [
          0.020676,
          1.0,
          0.011646,
          -0.005218,
          0.01442,
          0.02759,
          0.003004,
          0.0076,
          0.033204,
          0.06326,
          0.007201,
          -0.02338
        ],
        [
          0.003479,
          0.011646,
          1.0,
          0.017101,
          0.027431,
          0.0234,
          0.010703,
          -0.008345,
          -0.000821,
          -0.014457,
          0.020405,
          -0.017237
        ],
        [
          -0.010983,
          -0.005218,
          0.017101,
          1.0,
          -0.005821,
          0.007583,
          -0.019417,
          -0.016727,
          -0.015707,
          0.017593,
          -0.041807,
          0.010545
        ],
        [
          0.127261,
          0.01442,
          0.027431,
          -0.005821,
          1.0,
          0.018897,
          0.008851,
          0.010569,
          0.15569,
          0.060517,
          0.006804,
          0.033628
        ],
        [
          0.001139,
          0.02759,
          0.0234,
          0.007583,
          0.018897,
          1.0,
          0.000507,
          -0.009572,
          0.026178,
          0.075354,
          -0.010814,
          -0.007546
        ],
        [
          -0.018272,
          0.003004,
          0.010703,
          -0.019417,
          0.008851,
          0.000507,
          1.0,
          0.022223,
          -0.035896,
          -0.007194,
          -0.003663,
          -0.002916
        ],
        [
          -0.033441,
          0.0076,
          -0.008345,
          -0.016727,
          0.010569,
          -0.009572,
          0.022223,
          1.0,
          0.005479,
          -0.004408,
          -0.012167,
          0.011424
        ],
        [
          0.113777,
          0.033204,
          -0.000821,
          -0.015707,
          0.15569,
          0.026178,
          -0.035896,
          0.005479,
          1.0,
          0.051026,
          0.016248,
          0.000854
        ],
        [
          0.077317,
          0.06326,
          -0.014457,
          0.017593,
          0.060517,
          0.075354,
          -0.007194,
          -0.004408,
          0.051026,
          1.0,
          -0.010556,
          -0.013413
        ],
        [
          0.005,
          0.007201,
          0.020405,
          -0.041807,
          0.006804,
          -0.010814,
          -0.003663,
          -0.012167,
          0.016248,
          -0.010556,
          1.0,
          -0.004464
        ],
        [
          -0.012042,
          -0.02338,
          -0.017237,
          0.010545,
          0.033628,
          -0.007546,
          -0.002916,
          0.011424,
          0.000854,
          -0.013413,
          -0.004464,
          1.0
        ]
      ],
      "significant": [
        [
          true,
          false,
          false,
          false,
          true,
          false,
          false,
          true,
          true,
          true,
          false,
          false
        ],
        [
          false,
          true,
          false,
          false,
          false,
          false,
          false,
          false,
          true,
          true,
          false,
          false
        ],
        [
          false,
          false,
          true,
          false,
          false,
          false,
          false,
          false,
          false,
          false,
          false,
          false
        ],
        [
          false,
          false,
          false,
          true,
          false,
          false,
          false,
          false,
          false,
          false,
          true,
          false
        ],
        [
          true,
          false,
          false,
          false,
          true,
          false,
          false,
          false,
          true,
          true,
          false,
          true
        ],
        [
          false,
          false,
          false,
          false,
          false,
          true,
          false,
          false,
          false,
          true,
          false,
          false
        ],
        [
          false,
          false,
          false,
          false,
          false,
          false,
          true,
          false,
          true,
          false,
          false,
          false
        ],
        [
          true,
          false,
          false,
          false,
          false,
          false,
          false,
          true,
          false,
          false,
          false,
          false
        ],
        [
          true,
          true,
          false,
          false,
          true,
          false,
          true,
          false,
          true,
          true,
          false,
          false
        ],
        [
          true,
          true,
          false,
          false,
          true,
          true,
          false,
          false,
          true,
          true,
          false,
          false
        ],
        [
          false,
          false,
          false,
          true,
          false,
          false,
          false,
          false,
          false,
          false,
          true,
          false
        ],
        [
          false,
          false,
          false,
          false,
          true,
          false,
          false,
          false,
          false,
          false,
          false,
          true
        ]
      ]
    },
    {
      "spread": "IC",
      "prob": 1.0,
      "n_rows": 60000,
      "avg": 0.311629,
      "std": 0.442674,
      "removed": 102,
      "labels": [
        "dir=IN;k=0",
        "dir=IN;k=1",
        "dir=IN;k=4",
        "dir=IN;k=6",
        "dir=OUT;k=0",
        "dir=OUT;k=1",
        "dir=OUT;k=4",
        "dir=OUT;k=6",
        "dir=ALL;k=0",
        "dir=ALL;k=1",
        "dir=ALL;k=4",
        "dir=ALL;k=6"
      ],
      "matrix": [
        [
          1.0,
          0.001886,
          null,
          null,
          0.139726,
          0.029516,
          null,
          null,
          0.1109,
          0.014467,
          null,
          null
        ],
        [
          0.001886,
          1.0,
          null,
          null,
          0.001998,
          -0.017288,
          null,
          null,
          0.014864,
          0.021563,
          null,
          null
        ],
        [
          null,
          null,
          1.0,
          null,
          null,
          null,
          null,
          null,
          null,
          null,
          null,
          null
        ],
        [
          null,
          null,
          null,
          1.0,
          null,
          null,
          null,
          null,
          null,
          null,
          null,
          null
        ],
        [
          0.139726,
          0.001998,
          null,
          null,
          1.0,
          0.01296,
          null,
          null,
          0.144293,
          0.023146,
          null,
          null
        ],
        [
          0.029516,
          -0.017288,
          null,
          null,
          0.01296,
          1.0,
          null,
          null,
          0.031392,
          0.003597,
          null,
          null
        ],
        [
          null,
          null,
          null,
          null,
          null,
          null,
          1.0,
          null,
          null,
          null,
          null,
          null
        ],
        [
          null,
          null,
          null,
          null,
          null,
          null,
          null,
          1.0,
          null,
          null,
          null,
          null
        ],
        [
          0.1109,
          0.014864,
          null,
          null,
          0.144293,
          0.031392,
          null,
          null,
          1.0,
          0.01118,
          null,
          null
        ],
        [
          0.014467,
          0.021563,
          null,
          null,
          0.023146,
          0.003597,
          null,
          null,
          0.01118,
          1.0,
          null,
          null
        ],
        [
          null,
          null,
          null,
          null,
          null,
          null,
          null,
          null,
          null,
          null,
          1.0,
          null
        ],
        [
          null,
          null,
          null,
          null,
          null,
          null,
          null,
          null,
          null,
          null,
          null,
          1.0
        ]
      ],
      "significant": [
        [
          true,
          false,
          false,
          false,
          true,
          true,
          false,
          false,
          true,
          false,
          false,
          false
        ],
        [
          false,
          true,
          false,
          false,
          false,
          false,
          false,
          false,
          false,
          false,
          false,
          false
        ],
        [
          false,
          false,
          true,
          false,
          false,
          false,
          false,
          false,
          false,
          false,
          false,
          false
        ],
        [
          false,
          false,
          false,
          true,
          false,
          false,
          false,
          false,
          false,
          false,
          false,
          false
        ],
        [
          true,
          false,
          false,
          false,
          true,
          false,
          false,
          false,
          true,
          false,
          false,
          false
        ],
        [
          true,
          false,
          false,
          false,
          false,
          true,
          false,
          false,
          true,
          false,
          false,
          false
        ],
        [
          false,
          false,
          false,
          false,
          false,
          false,
          true,
          false,
          false,
          false,
          false,
          false
        ],
        [
          false,
          false,
          false,
          false,
          false,
          false,
          false,
          true,
          false,
          false,
          false,
          false
        ],
        [
          true,
          false,
          false,
          false,
          true,
          true,
          false,
          false,
          true,
          false,
          false,
          false
        ],
        [
          false,
          false,
          false,
          false,
          false,
          false,
          false,
          false,
          false,
          true,
          false,
          false
        ],
        [
          false,
          false,
          false,
          false,
          false,
          false,
          false,
          false,
          false,
          false,
          true,
          false
        ],
        [
          false,
          false,
          false,
          false,
          false,
          false,
          false,
          false,
          false,
          false,
          false,
          true
        ]
      ]
    }
  ]
}