{
  "network_id": 10,
  "spread_model": "IC",
  "correlations": [
    {
      "spread": "IC",
      "prob": 0.25,
      "n_rows": 102000,
      "avg": 0.09815,
      "std": 0.273966,
      "removed": 0,
      "labels": [
        "dir=IN;k=0",
        "dir=IN;k=1",
        "dir=IN;k=4",
        "dir=IN;k=6",
        "dir=OUT;k=0",
        "dir=OUT;k=1",
        "dir=OUT;k=4",
        "dir=OUT;k=6",
        "dir=ALL;k=0",
        "dir=ALL;k=1",
        "dir=ALL;k=4",
        "dir=ALL;k=6"
      ],
      "matrix": [
        [
          1.0,
          0.01981,
          0.013112,
          0.008566,
          0.054061,
          0.104865,
          0.012741,
          -0.00412,
          0.066938,
          0.048077,
          0.001217,
          0.001876
        ],
        [
          0.01981,
          1.0,
          0.02053,
          0.010641,
          0.026333,
          0.026585,
          -0.014921,
          0.004984,
          0.017151,
          0.047838,
          0.012713,
          0.004024
        ],
        [
          0.013112,
          0.02053,
          1.0,
          0.015441,
          0.014843,
          0.000452,
          -0.007606,
          0.008497,
          0.008545,
          0.01058,
          0.018275,
          -0.002254
        ],
        [
          0.008566,
          0.010641,
          0.015441,
          1.0,
          0.009766,
          0.016546,
          0.012947,
          0.006039,
          0.005649,
          0.007987,
          -0.020058,
          0.008741
        ],
        [
          0.054061,
          0.026333,
          0.014843,
          0.009766,
          1.0,
          0.086913,
          0.003801,
          -0.00597,
          0.06626,
          0.039128,
          0.000179,
          0.009584
        ],
        [
          0.104865,
          0.026585,
          0.000452,
          0.016546,
          0.086913,
          1.0,
          -0.01036,
          0.006418,
          0.096134,
          0.060152,
          -0.007988,
          0.015669
        ],
        [
          0.012741,
          -0.014921,
          -0.007606,
          0.012947,
          0.003801,
          -0.01036,
          1.0,
          -0.005813,
          0.024332,
          -0.008964,
          -0.004201,
          0.005347
        ],
        [
          -0.00412,
          0.004984,
          0.008497,
          0.006039,
          -0.00597,
          0.006418,
          -0.005813,
          1.0,
          0.007622,
          -0.00717,
          0.009762,
          0.029155
        ],
        [
          0.066938,
          0.017151,
          0.008545,
          0.005649,
          0.06626,
          0.096134,
          0.024332,
          0.007622,
          1.0,
          0.043975,
          0.023746,
          0.002739
        ],
        [
          0.048077,
          0.047838,
          0.01058,
          0.007987,
          0.039128,
          0.060152,
          -0.008964,
          -0.00717,
          0.043975,
          1.0,
          0.004024,
          -0.000733
        ],
        [
          0.001217,
          0.012713,
          0.018275,
          -0.020058,
          0.000179,
          -0.007988,
          -0.004201,
          0.009762,
          0.023746,
          0.004024,
          1.0,
          -0.014337
        ],
        [
          0.001876,
          0.004024,
          -0.002254,
          0.008741,
          0.009584,
          0.015669,
          0.005347,
          0.029155,
          0.002739,
          -0.000733,
          -0.014337,
          1.0
        ]
      ],
      "significant": [
        [
          true,
          false,
          false,
          false,
          true,
          true,
          false,
          false,
          true,
          true,
          false,
          false
        ],
        [
          false,
          true,
          false,
          false,
          true,
          true,
          false,
          false,
          false,
          true,
          false,
          false
        ],
        [
          false,
          false,
          true,
          false,
          false,
          false,
          false,
          false,
          false,
          false,
          false,
          false
        ],
        [
          false,
          false,
          false,
          true,
          false,
          false,
          false,
          false,
          false,
          false,
          false,
          false
        ],
        [
          true,
          true,
          false,
          false,
          true,
          true,
          false,
          false,
          true,
          true,
          false,
          false
        ],
        [
          true,
          true,
          false,
          false,
          true,
          true,
          false,
          false,
          true,
          true,
          false,
          false
        ],
        [
          false,
          false,
          false,
          false,
          false,
          false,
          true,
          false,
          true,
          false,
          false,
          false
        ],
        [
          false,
          false,
          false,
          false,
          false,
          false,
          false,
          true,
          false,
          false,
          false,
          true
        ],
        [
          true,
          false,
          false,
          false,
          true,
          true,
          true,
          false,
          true,
          true,
          true,
          false
        ],
        [
          true,
          true,
          false,
          false,
          true,
          true,
          false,
          false,
          true,
          true,
          false,
          false
        ],
        [
          false,
          false,
          false,
          false,
          false,
          false,
          false,
          false,
          true,
          false,
          true,
          false
        ],
        [
          false,
          false,
          false,
          false,
          false,
          false,
          false,
          true,
          false,
          false,
          false,
          true
        ]
      ]
    },
    {
      "spread": "IC",
      "prob": 0.5,
      "n_rows": 102000,
      "avg": 0.097097,
      "std": 0.27448,
      "removed": 0,
      "labels": [
        "dir=IN;k=0",
        "dir=IN;k=1",
        "dir=IN;k=4",
        "dir=IN;k=6",
        "dir=OUT;k=0",
        "dir=OUT;k=1",
        "dir=OUT;k=4",
        "dir=OUT;k=6",
        "dir=ALL;k=0",
        "dir=ALL;k=1",
        "dir=ALL;k=4",
        "dir=ALL;k=6"
      ],
      "matrix": [
        [
          1.0,
          0.008461,
          0.017634,
          -0.005873,
          0.076123,
          0.080245,
          -0.014318,
          0.033224,
          0.065137,
          0.057729,
          0.005054,
          0.001582
        ],
        [
          0.008461,
          1.0,
          -0.012692,
          -0.019399,
          0.020989,
          0.028424,
          -0.006587,
          0.008591,
          0.003214,
          0.060025,
          0.00052,
          -0.00011
        ],
        [
          0.017634,
          -0.012692,
          1.0,
          0.010175,
          -0.000647,
          -0.006256,
          0.014531,
          -0.010737,
          -0.000273,
          -0.016167,
          0.006484,
          -0.012408
        ],
        [
          -0.005873,
          -0.019399,
          0.010175,
          1.0,
          0.014178,
          0.027366,
          0.027381,
          0.003117,
          -0.008951,
          -0.008367,
          0.006242,
          -0.009096
        ],
        [
          0.076123,
          0.020989,
          -0.000647,
          0.014178,
          1.0,
          0.08321,
          0.008495,
          0.003354,
          0.059284,
          0.046093,
          0.004311,
          0.004194
        ],
        [
          0.080245,
          0.028424,
          -0.006256,
          0.027366,
          0.08321,
          1.0,
          -0.004666,
          0.011089,
          0.093092,
          0.085443,
          0.014491,
          0.000212
        ],
        [
          -0.014318,
          -0.006587,
          0.014531,
          0.027381,
          0.008495,
          -0.004666,
          1.0,
          0.000506,
          0.001141,
          0.004207,
          -0.001963,
          -0.009604
        ],
        [
          0.033224,
          0.008591,
          -0.010737,
          0.003117,
          0.003354,
          0.011089,
          0.000506,
          1.0,
          0.023279,
          0.008625,
          0.011393,
          0.000374
        ],
        [
          0.065137,
          0.003214,
          -0.000273,
          -0.008951,
          0.059284,
          0.093092,
          0.001141,
          0.023279,
          1.0,
          0.072686,
          0.012913,
          0.003451
        ],
        [
          0.057729,
          0.060025,
          -0.016167,
          -0.008367,
          0.046093,
          0.085443,
          0.004207,
          0.008625,
          0.072686,
          1.0,
          0.008695,
          0.009884
        ],
        [
          0.005054,
          0.00052,
          0.006484,
          0.006242,
          0.004311,
          0.014491,
          -0.001963,
          0.011393,
          0.012913,
          0.008695,
          1.0,
          -0.007744
        ],
        [
          0.001582,
          -0.00011,
          -0.012408,
          -0.009096,
          0.004194,
          0.000212,
          -0.009604,
          0.000374,
          0.003451,
          0.009884,
          -0.007744,
          1.0
        ]
      ],
      "significant": [
        [
          true,
          false,
          false,
          false,
          true,
          true,
          false,
          true,
          true,
          true,
          false,
          false
        ],
        [
          false,
          true,
          false,
          false,
          false,
          true,
          false,
          false,
          false,
          true,
          false,
          false
        ],
        [
          false,
          false,
          true,
          false,
          false,
          false,
          false,
          false,
          false,
          false,
          false,
          false
        ],
        [
          false,
          false,
          false,
          true,
          false,
          true,
          true,
          false,
          false,
          false,
          false,
          false
        ],
        [
          true,
          false,
          false,
          false,
          true,
          true,
          false,
          false,
          true,
          true,
          false,
          false
        ],
        [
          true,
          true,
          false,
          true,
          true,
          true,
          false,
          false,
          true,
          true,
          false,
          false
        ],
        [
          false,
          false,
          false,
          true,
          false,
          false,
          true,
          false,
          false,
          false,
          false,
          false
        ],
        [
          true,
          false,
          false,
          false,
          false,
          false,
          false,
          true,
          true,
          false,
          false,
          false
        ],
        [
          true,
          false,
          false,
          false,
          true,
          true,
          false,
          true,
          true,
          true,
          false,
          false
        ],
        [
          true,
          true,
          false,
          false,
          true,
          true,
          false,
          false,
          true,
          true,
          false,
          false
        ],
        [
          false,
          false,
          false,
          false,
          false,
          false,
          false,
          false,
          false,
          false,
          true,
          false
        ],
        [
          false,
          false,
          false,
          false,
          false,
          false,
          false,
          false,
          false,
          false,
          false,
          true
        ]
      ]
    },
    {
      "spread": "IC",
      "prob": 0.75,
      "n_rows": 102000,
      "avg": 0.092955,
      "std": 0.275479,
      "removed": 0,
      "labels": [
        "dir=IN;k=0",
        "dir=IN;k=1",
        "dir=IN;k=4",
        "dir=IN;k=6",
        "dir=OUT;k=0",
        "dir=OUT;k=1",
        "dir=OUT;k=4",
        "dir=OUT;k=6",
        "dir=ALL;k=0",
        "dir=ALL;k=1",
        "dir=ALL;k=4",
        "dir=ALL;k=6"
      ],
      "matrix": [
        [
          1.0,
          0.006417,
          0.008631,
          0.003363,
          0.068548,
          0.043945,
          -0.010488,
          -0.016826,
          0.075279,
          0.037728,
          -0.011657,
          0.013662
        ],
        [
          0.006417,
          1.0,
          0.003078,
          0.014452,
          0.026198,
          0.011651,
          -0.007074,
          -0.009596,
          0.017121,
          0.067338,
          -0.014544,
          -0.008255
        ],
        [
          0.008631,
          0.003078,
          1.0,
          0.00593,
          0.023724,
          0.004141,
          -0.020255,
          -0.004534,
          0.008221,
          -0.015492,
          -0.009349,
          -0.00882
        ],
        [
          0.003363,
          0.014452,
          0.00593,
          1.0,
          0.015498,
          -0.023703,
          -0.006258,
          0.005583,
          -0.009546,
          -0.001111,
          -0.007317,
          0.017577
        ],
        [
          0.068548,
          0.026198,
          0.023724,
          0.015498,
          1.0,
          0.059616,
          -0.00281,
          -0.005991,
          0.067816,
          0.056352,
          -0.012012,
          0.00522
        ],
        [
          0.043945,
          0.011651,
          0.004141,
          -0.023703,
          0.059616,
          1.0,
          0.016518,
          -0.007072,
          0.053754,
          0.075302,
          -0.014702,
          -0.002917
        ],
        [
          -0.010488,
          -0.007074,
          -0.020255,
          -0.006258,
          -0.00281,
          0.016518,
          1.0,
          -0.001272,
          0.00742,
          0.011126,
          0.018326,
          0.001628
        ],
        [
          -0.016826,
          -0.009596,
          -0.004534,
          0.005583,
          -0.005991,
          -0.007072,
          -0.001272,
          1.0,
          0.002117,
          0.008367,
          0.004527,
          -0.011831
        ],
        [
          0.075279,
          0.017121,
          0.008221,
          -0.009546,
          0.067816,
          0.053754,
          0.00742,
          0.002117,
          1.0,
          0.052753,
          0.01234,
          0.002676
        ],
        [
          0.037728,
          0.067338,
          -0.015492,
          -0.001111,
          0.056352,
          0.075302,
          0.011126,
          0.008367,
          0.052753,
          1.0,
          -0.00336,
          -0.003374
        ],
        [
          -0.011657,
          -0.014544,
          -0.009349,
          -0.007317,
          -0.012012,
          -0.014702,
          0.018326,
          0.004527,
          0.01234,
          -0.00336,
          1.0,
          0.008988
        ],
        [
          0.013662,
          -0.008255,
          -0.00882,
          0.017577,
          0.00522,
          -0.002917,
          0.001628,
          -0.011831,
          0.002676,
          -0.003374,
          0.008988,
          1.0
        ]
      ],
      "significant": [
        [
          true,
          false,
          false,
          false,
          true,
          true,
          false,
          false,
          true,
          true,
          false,
          false
        ],
        [
          false,
          true,
          false,
          false,
          true,
          false,
          false,
          false,
          false,
          true,
          false,
          false
        ],
        [
          false,
          false,
          true,
          false,
          true,
          false,
          false,
          false,
          false,
          false,
          false,
          false
        ],
        [
          false,
          false,
          false,
          true,
          false,
          true,
          false,
          false,
          false,
          false,
          false,
          false
        ],
        [
          true,
          true,
          true,
          false,
          true,
          true,
          false,
          false,
          true,
          true,
          false,
          false
        ],
        [
          true,
          false,
          false,
          true,
          true,
          true,
          false,
          false,
          true,
          true,
          false,
          false
        ],
        [
          false,
          false,
          false,
          false,
          false,
          false,
          true,
          false,
          false,
          false,
          false,
          false
        ],
        [
          false,
          false,
          false,
          false,
          false,
          false,
          false,
          true,
          false,
          false,
          false,
          false
        ],
        [
          true,
          false,
          false,
          false,
          true,
          true,
          false,
          false,
          true,
          true,
          false,
          false
        ],
        [
          true,
          true,
          false,
          false,
          true,
          true,
          false,
          false,
          true,
          true,
          false,
          false
        ],
        [
          false,
          false,
          false,
          false,
          false,
          false,
          false,
          false,
          false,
          false,
          true,
          false
        ],
        [
          false,
          false,
          false,
          false,
          false,
          false,
          false,
          false,
          false,
          false,
          false,
          true
        ]
      ]
    },
    {
      "spread": "IC",
      "prob": 1.0,
      "n_rows": 102000,
      "avg": 0.303373,
      "std": 0.446496,
      "removed": 102,
      "labels": [
        "dir=IN;k=0",
        "dir=IN;k=1",
        "dir=IN;k=4",
        "dir=IN;k=6",
        "dir=OUT;k=0",
        "dir=OUT;k=1",
        "dir=OUT;k=4",
        "dir=OUT;k=6",
        "dir=ALL;k=0",
        "dir=ALL;k=1",
        "dir=ALL;k=4",
        "dir=ALL;k=6"
      ],
      "matrix": [
        [
          1.0,
          0.011702,
          null,
          null,
          0.075481,
          0.021105,
          null,
          null,
          0.071452,
          0.038057,
          null,
          null
        ],
        [
          0.011702,
          1.0,
          null,
          null,
          -0.001762,
          -0.001555,
          null,
          null,
          0.006583,
          0.014115,
          null,
          null
        ],
        [
          null,
          null,
          1.0,
          null,
          null,
          null,
          null,
          null,
          null,
          null,
          null,
          null
        ],
        [
          null,
          null,
          null,
          1.0,
          null,
          null,
          null,
          null,
          null,
          null,
          null,
          null
        ],
        [
          0.075481,
          -0.001762,
          null,
          null,
          1.0,
          0.017099,
          null,
          null,
          0.07525,
          0.009007,
          null,
          null
        ],
        [
          0.021105,
          -0.001555,
          null,
          null,
          0.017099,
          1.0,
          null,
          null,
          0.011379,
          0.004692,
          null,
          null
        ],
        [
          null,
          null,
          null,
          null,
          null,
          null,
          1.0,
          null,
          null,
          null,
          null,
          null
        ],
        [
          null,
          null,
          null,
          null,
          null,
          null,
          null,
          1.0,
          null,
          null,
          null,
          null
        ],
        [
          0.071452,
          0.006583,
          null,
          null,
          0.07525,
          0.011379,
          null,
          null,
          1.0,
          0.018232,
          null,
          null
        ],
        [
          0.038057,
          0.014115,
          null,
          null,
          0.009007,
          0.004692,
          null,
          null,
          0.018232,
          1.0,
          null,
          null
        ],
        [
          null,
          null,
          null,
          null,
          null,
          null,
          null,
          null,
          null,
          null,
          1.0,
          null
        ],
        [
          null,
          null,
          null,
          null,
          null,
          null,
          null,
          null,
          null,
          null,
          null,
          1.0
        ]
      ],
      "significant": [
        [
          true,
          false,
          false,
          false,
          true,
          false,
          false,
          false,
          true,
          true,
          false,
          false
        ],
        [
          false,
          true,
          false,
          false,
          false,
          false,
          false,
          false,
          false,
          false,
          false,
          false
        ],
        [
          false,
          false,
          true,
          false,
          false,
          false,
          false,
          false,
          false,
          false,
          false,
          false
        ],
        [
          false,
          false,
          false,
          true,
          false,
          false,
          false,
          false,
          false,
          false,
          false,
          false
        ],
        [
          true,
          false,
          false,
          false,
          true,
          false,
          false,
          false,
          true,
          false,
          false,
          false
        ],
        [
          false,
          false,
          false,
          false,
          false,
          true,
          false,
          false,
          false,
          false,
          false,
          false
        ],
        [
          false,
          false,
          false,
          false,
          false,
          false,
          true,
          false,
          false,
          false,
          false,
          false
        ],
        [
          false,
          false,
          false,
          false,
          false,
          false,
          false,
          true,
          false,
          false,
          false,
          false
        ],
        [
          true,
          false,
          false,
          false,
          true,
          false,
          false,
          false,
          true,
          false,
          false,
          false
        ],
        [
          true,
          false,
          false,
          false,
          false,
          false,
          false,
          false,
          false,
          true,
          false,
          false
        ],
        [
          false,
          false,
          false,
          false,
          false,
          false,
          false,
          false,
          false,
          false,
          true,
          false
        ],
        [
          false,
          false,
          false,
          false,
          false,
          false,
          false,
          false,
          false,
          false,
          false,
          true
        ]
      ]
    }
  ]
}