{
  "network_id": 12,
  "spread_model": "IC",
  "correlations": [
    {
      "spread": "IC",
      "prob": 0.25,
      "n_rows": 102000,
      "avg": 0.10846,
      "std": 0.273625,
      "removed": 0,
      "labels": [
        "dir=IN;k=0",
        "dir=IN;k=1",
        "dir=IN;k=4",
        "dir=IN;k=6",
        "dir=OUT;k=0",
        "dir=OUT;k=1",
        "dir=OUT;k=4",
        "dir=OUT;k=6",
        "dir=ALL;k=0",
        "dir=ALL;k=1",
        "dir=ALL;k=4",
        "dir=ALL;k=6"
      ],
      "matrix": [
        [
          1.0,
          0.015098,
          -0.016729,
          0.002864,
          0.064154,
          0.081034,
          0.146255,
          -0.027392,
          0.041744,
          0.036737,
          -0.001281,
          0.013238
        ],
        [
          0.015098,
          1.0,
          0.15044,
          -0.001783,
          0.045331,
          0.036484,
          0.053539,
          0.008284,
          0.02057,
          0.054817,
          0.002988,
          -0.014254
        ],
        [
          -0.016729,
          0.15044,
          1.0,
          0.024409,
          0.011735,
          0.009163,
          -0.003943,
          -8.3e-05,
          0.001278,
          0.091183,
          -0.003075,
          -0.014858
        ],
        [
          0.002864,
          -0.001783,
          0.024409,
          1.0,
          0.001169,
          0.002328,
          0.005936,
          0.002844,
          0.009929,
          -0.00203,
          -0.00593,
          -0.014125
        ],
        [
          0.064154,
          0.045331,
          0.011735,
          0.001169,
          1.0,
          0.081544,
          0.148425,
          -0.013701,
          0.058096,
          0.042284,
          0.003139,
          0.002214
        ],
        [
          0.081034,
          0.036484,
          0.009163,
          0.002328,
          0.081544,
          1.0,
          0.21308,
          0.009733,
          0.053992,
          0.044055,
          0.003428,
          0.020224
        ],
        [
          0.146255,
          0.053539,
          -0.003943,
          0.005936,
          0.148425,
          0.21308,
          1.0,
          0.004806,
          0.146177,
          0.113233,
          0.015645,
          -0.009477
        ],
        [
          -0.027392,
          0.008284,
          -8.3e-05,
          0.002844,
          -0.013701,
          0.009733,
          0.004806,
          1.0,
          0.018066,
          -0.000504,
          -0.003253,
          0.003396
        ],
        [
          0.041744,
          0.02057,
          0.001278,
          0.009929,
          0.058096,
          0.053992,
          0.146177,
          0.018066,
          1.0,
          0.034625,
          -0.000362,
          0.012972
        ],
        [
          0.036737,
          0.054817,
          0.091183,
          -0.00203,
          0.042284,
          0.044055,
          0.113233,
          -0.000504,
          0.034625,
          1.0,
          -0.01012,
          -0.002468
        ],
        [
          -0.001281,
          0.002988,
          -0.003075,
          -0.00593,
          0.003139,
          0.003428,
          0.015645,
          -0.003253,
          -0.000362,
          -0.01012,
          1.0,
          -0.008208
        ],
        [
          0.013238,
          -0.014254,
          -0.014858,
          -0.014125,
          0.002214,
          0.020224,
          -0.009477,
          0.003396,
          0.012972,
          -0.002468,
          -0.008208,
          1.0
        ]
      ],
      "significant": [
        [
          true,
          false,
          false,
          false,
          true,
          true,
          true,
          true,
          true,
          true,
          false,
          false
        ],
        [
          false,
          true,
          true,
          false,
          true,
          true,
          true,
          false,
          false,
          true,
          false,
          false
        ],
        [
          false,
          true,
          true,
          true,
          false,
          false,
          false,
          false,
          false,
          true,
          false,
          false
        ],
        [
          false,
          false,
          true,
          true,
          false,
          false,
          false,
          false,
          false,
          false,
          false,
          false
        ],
        [
          true,
          true,
          false,
          false,
          true,
          true,
          true,
          false,
          true,
          true,
          false,
          false
        ],
        [
          true,
          true,
          false,
          false,
          true,
          true,
          true,
          false,
          true,
          true,
          false,
          false
        ],
        [
          true,
          true,
          false,
          false,
          true,
          true,
          true,
          false,
          true,
          true,
          false,
          false
        ],
        [
          true,
          false,
          false,
          false,
          false,
          false,
          false,
          true,
          false,
          false,
          false,
          false
        ],
        [
          true,
          false,
          false,
          false,
          true,
          true,
          true,
          false,
          true,
          true,
          false,
          false
        ],
        [
          true,
          true,
          true,
          false,
          true,
          true,
          true,
          false,
          true,
          true,
          false,
          false
        ],
        [
          false,
          false,
          false,
          false,
          false,
          false,
          false,
          false,
          false,
          false,
          true,
          false
        ],
        [
          false,
          false,
          false,
          false,
          false,
          false,
          false,
          false,
          false,
          false,
          false,
          true
        ]
      ]
    },
    {
      "spread": "IC",
      "prob": 0.5,
      "n_rows": 102000,
      "avg": 0.113,
      "std": 0.274854,
      "removed": 0,
      "labels": [
        "dir=IN;k=0",
        "dir=IN;k=1",
        "dir=IN;k=4",
        "dir=IN;k=6",
        "dir=OUT;k=0",
        "dir=OUT;k=1",
        "dir=OUT;k=4",
        "dir=OUT;k=6",
        "dir=ALL;k=0",
        "dir=ALL;k=1",
        "dir=ALL;k=4",
        "dir=ALL;k=6"
      ],
      "matrix": [
        [
          1.0,
          0.018114,
          0.020526,
          -0.004956,
          0.0548,
          0.096846,
          0.200586,
          -0.017417,
          0.078427,
          0.049204,
          -0.001731,
          0.009632
        ],
        [
          0.018114,
          1.0,
          0.217788,
          -0.013308,
          0.040895,
          0.020618,
          0.02251,
          -0.002557,
          0.008338,
          0.047459,
          0.003901,
          0.013067
        ],
        [
          0.020526,
          0.217788,
          1.0,
          -0.025227,
          0.009738,
          0.003427,
          0.008001,
          0.000247,
          -0.006877,
          0.121804,
          0.008822,
          0.013385
        ],
        [
          -0.004956,
          -0.013308,
          -0.025227,
          1.0,
          -0.008077,
          0.01915,
          -0.002302,
          -0.009219,
          -0.013545,
          -0.010631,
          0.001607,
          -0.021103
        ],
        [
          0.0548,
          0.040895,
          0.009738,
          -0.008077,
          1.0,
          0.081053,
          0.19573,
          -0.012284,
          0.058442,
          0.044564,
          -0.003177,
          0.009629
        ],
        [
          0.096846,
          0.020618,
          0.003427,
          0.01915,
          0.081053,
          1.0,
          0.272809,
          -0.004055,
          0.057763,
          0.063524,
          -0.019578,
          -0.005346
        ],
        [
          0.200586,
          0.02251,
          0.008001,
          -0.002302,
          0.19573,
          0.272809,
          1.0,
          -0.002532,
          0.189002,
          0.13178,
          0.004723,
          0.012323
        ],
        [
          -0.017417,
          -0.002557,
          0.000247,
          -0.009219,
          -0.012284,
          -0.004055,
          -0.002532,
          1.0,
          0.010049,
          0.014473,
          0.022216,
          0.000967
        ],
        [
          0.078427,
          0.008338,
          -0.006877,
          -0.013545,
          0.058442,
          0.057763,
          0.189002,
          0.010049,
          1.0,
          0.035421,
          -0.003295,
          0.017992
        ],
        [
          0.049204,
          0.047459,
          0.121804,
          -0.010631,
          0.044564,
          0.063524,
          0.13178,
          0.014473,
          0.035421,
          1.0,
          -0.000891,
          0.010032
        ],
        [
          -0.001731,
          0.003901,
          0.008822,
          0.001607,
          -0.003177,
          -0.019578,
          0.004723,
          0.022216,
          -0.003295,
          -0.000891,
          1.0,
          0.002738
        ],
        [
          0.009632,
          0.013067,
          0.013385,
          -0.021103,
          0.009629,
          -0.005346,
          0.012323,
          0.000967,
          0.017992,
          0.010032,
          0.002738,
          1.0
        ]
      ],
      "significant": [
        [
          true,
          false,
          false,
          false,
          true,
          true,
          true,
          false,
          true,
          true,
          false,
          false
        ],
        [
          false,
          true,
          true,
          false,
          true,
          false,
          true,
          false,
          false,
          true,
          false,
          false
        ],
        [
          false,
          true,
          true,
          true,
          false,
          false,
          false,
          false,
          false,
          true,
          false,
          false
        ],
        [
          false,
          false,
          true,
          true,
          false,
          false,
          false,
          false,
          false,
          false,
          false,
          false
        ],
        [
          true,
          true,
          false,
          false,
          true,
          true,
          true,
          false,
          true,
          true,
          false,
          false
        ],
        [
          true,
          false,
          false,
          false,
          true,
          true,
          true,
          false,
          true,
          true,
          false,
          false
        ],
        [
          true,
          true,
          false,
          false,
          true,
          true,
          true,
          false,
          true,
          true,
          false,
          false
        ],
        [
          false,
          false,
          false,
          false,
          false,
          false,
          false,
          true,
          false,
          false,
          true,
          false
        ],
        [
          true,
          false,
          false,
          false,
          true,
          true,
          true,
          false,
          true,
          true,
          false,
          false
        ],
        [
          true,
          true,
          true,
          false,
          true,
          true,
          true,
          false,
          true,
          true,
          false,
          false
        ],
        [
          false,
          false,
          false,
          false,
          false,
          false,
          false,
          true,
          false,
          false,
          true,
          false
        ],
        [
          false,
          false,
          false,
          false,
          false,
          false,
          false,
          false,
          false,
          false,
          false,
          true
        ]
      ]
    },
    {
      "spread": "IC",
      "prob": 0.75,
      "n_rows": 102000,
      "avg": 0.11306,
      "std": 0.275991,
      "removed": 0,
      "labels": [
        "dir=IN;k=0",
        "dir=IN;k=1",
        "dir=IN;k=4",
        "dir=IN;k=6",
        "dir=OUT;k=0",
        "dir=OUT;k=1",
        "dir=OUT;k=4",
        "dir=OUT;k=6",
        "dir=ALL;k=0",
        "dir=ALL;k=1",
        "dir=ALL;k=4",
        "dir=ALL;k=6"
      ],
      "matrix": [
        [
          1.0,
          0.018752,
          0.018042,
          0.002155,
          0.060861,
          0.068169,
          0.223105,
          0.004186,
          0.057779,
          0.038042,
          0.002787,
          -0.011131
        ],
        [
          0.018752,
          1.0,
          0.245359,
          0.00594,
          0.010551,
          0.022685,
          0.032709,
          -0.015978,
          0.009902,
          0.061612,
          -0.000759,
          0.000455
        ],
        [
          0.018042,
          0.245359,
          1.0,
          -0.012767,
          0.004099,
          0.012046,
          0.001547,
          -0.009864,
          0.008248,
          0.146275,
          -0.008724,
          0.0113
        ],
        [
          0.002155,
          0.00594,
          -0.012767,
          1.0,
          0.00745,
          -0.006307,
          -0.004137,
          0.000209,
          -0.024651,
          -0.025229,
          -0.012333,
          -6.4e-05
        ],
        [
          0.060861,
          0.010551,
          0.004099,
          0.00745,
          1.0,
          0.06829,
          0.198727,
          0.011895,
          0.039111,
          0.038156,
          0.012159,
          -0.018179
        ],
        [
          0.068169,
          0.022685,
          0.012046,
          -0.006307,
          0.06829,
          1.0,
          0.299269,
          -0.014537,
          0.080197,
          0.043046,
          0.003147,
          -0.014669
        ],
        [
          0.223105,
          0.032709,
          0.001547,
          -0.004137,
          0.198727,
          0.299269,
          1.0,
          -0.008207,
          0.20526,
          0.143974,
          -0.003542,
          -0.004747
        ],
        [
          0.004186,
          -0.015978,
          -0.009864,
          0.000209,
          0.011895,
          -0.014537,
          -0.008207,
          1.0,
          -0.014809,
          0.018959,
          0.00174,
          0.005832
        ],
        [
          0.057779,
          0.009902,
          0.008248,
          -0.024651,
          0.039111,
          0.080197,
          0.20526,
          -0.014809,
          1.0,
          0.052505,
          0.013946,
          0.014436
        ],
        [
          0.038042,
          0.061612,
          0.146275,
          -0.025229,
          0.038156,
          0.043046,
          0.143974,
          0.018959,
          0.052505,
          1.0,
          0.018073,
          0.006109
        ],
        [
          0.002787,
          -0.000759,
          -0.008724,
          -0.012333,
          0.012159,
          0.003147,
          -0.003542,
          0.00174,
          0.013946,
          0.018073,
          1.0,
          0.001846
        ],
        [
          -0.011131,
          0.000455,
          0.0113,
          -6.4e-05,
          -0.018179,
          -0.014669,
          -0.004747,
          0.005832,
          0.014436,
          0.006109,
          0.001846,
          1.0
        ]
      ],
      "significant": [
        [
          true,
          false,
          false,
          false,
          true,
          true,
          true,
          false,
          true,
          true,
          false,
          false
        ],
        [
          false,
          true,
          true,
          false,
          false,
          true,
          true,
          false,
          false,
          true,
          false,
          false
        ],
        [
          false,
          true,
          true,
          false,
          false,
          false,
          false,
          false,
          false,
          true,
          false,
          false
        ],
        [
          false,
          false,
          false,
          true,
          false,
          false,
          false,
          false,
          true,
          true,
          false,
          false
        ],
        [
          true,
          false,
          false,
          false,
          true,
          true,
          true,
          false,
          true,
          true,
          false,
          false
        ],
        [
          true,
          true,
          false,
          false,
          true,
          true,
          true,
          false,
          true,
          true,
          false,
          false
        ],
        [
          true,
          true,
          false,
          false,
          true,
          true,
          true,
          false,
          true,
          true,
          false,
          false
        ],
        [
          false,
          false,
          false,
          false,
          false,
          false,
          false,
          true,
          false,
          false,
          false,
          false
        ],
        [
          true,
          false,
          false,
          true,
          true,
          true,
          true,
          false,
          true,
          true,
          false,
          false
        ],
        [
          true,
          true,
          true,
          true,
          true,
          true,
          true,
          false,
          true,
          true,
          false,
          false
        ],
        [
          false,
          false,
          false,
          false,
          false,
          false,
          false,
          false,
          false,
          false,
          true,
          false
        ],
        [
          false,
          false,
          false,
          false,
          false,
          false,
          false,
          false,
          false,
          false,
          false,
          true
        ]
      ]
    },
    {
      "spread": "IC",
      "prob": 1.0,
      "n_rows": 102000,
      "avg": 0.176052,
      "std": 0.317761,
      "removed": 22,
      "labels": [
        "dir=IN;k=0",
        "dir=IN;k=1",
        "dir=IN;k=4",
        "dir=IN;k=6",
        "dir=OUT;k=0",
        "dir=OUT;k=1",
        "dir=OUT;k=4",
        "dir=OUT;k=6",
        "dir=ALL;k=0",
        "dir=ALL;k=1",
        "dir=ALL;k=4",
        "dir=ALL;k=6"
      ],
      "matrix": [
        [
          1.0,
          0.002384,
          0.009586,
          0.010265,
          0.057326,
          0.062704,
          0.212249,
          0.00052,
          0.024378,
          0.048238,
          0.00743,
          null
        ],
        [
          0.002384,
          1.0,
          0.288446,
          0.026564,
          -0.001335,
          0.008499,
          0.024123,
          0.026551,
          -0.001428,
          0.066044,
          0.032527,
          null
        ],
        [
          0.009586,
          0.288446,
          1.0,
          0.026565,
          0.005476,
          0.008077,
          0.001143,
          0.026559,
          -0.012408,
          0.176804,
          0.032534,
          null
        ],
        [
          0.010265,
          0.026564,
          0.026565,
          1.0,
          0.010184,
          0.022429,
          0.026559,
          0.499765,
          0.004545,
          0.026562,
          0.816545,
          null
        ],
        [
          0.057326,
          -0.001335,
          0.005476,
          0.010184,
          1.0,
          0.057022,
          0.219535,
          0.00025,
          0.070757,
          0.031435,
          0.00722,
          null
        ],
        [
          0.062704,
          0.008499,
          0.008077,
          0.022429,
          0.057022,
          1.0,
          0.306958,
          0.026565,
          0.058222,
          0.043446,
          0.029159,
          null
        ],
        [
          0.212249,
          0.024123,
          0.001143,
          0.026559,
          0.219535,
          0.306958,
          1.0,
          0.026565,
          0.197589,
          0.179425,
          0.032534,
          null
        ],
        [
          0.00052,
          0.026551,
          0.026559,
          0.499765,
          0.00025,
          0.026565,
          0.026565,
          1.0,
          -0.016741,
          0.026565,
          0.816448,
          null
        ],
        [
          0.024378,
          -0.001428,
          -0.012408,
          0.004545,
          0.070757,
          0.058222,
          0.197589,
          -0.016741,
          1.0,
          0.023937,
          -0.006682,
          null
        ],
        [
          0.048238,
          0.066044,
          0.176804,
          0.026562,
          0.031435,
          0.043446,
          0.179425,
          0.026565,
          0.023937,
          1.0,
          0.032534,
          null
        ],
        [
          0.00743,
          0.032527,
          0.032534,
          0.816545,
          0.00722,
          0.029159,
          0.032534,
          0.816448,
          -0.006682,
          0.032534,
          1.0,
          null
        ],
        [
          null,
          null,
          null,
          null,
          null,
          null,
          null,
          null,
          null,
          null,
          null,
          1.0
        ]
      ],
      "significant": [
        [
          true,
          false,
          false,
          false,
          true,
          true,
          true,
          false,
          true,
          true,
          false,
          false
        ],
        [
          false,
          true,
          true,
          true,
          false,
          false,
          true,
          true,
          false,
          true,
          true,
          false
        ],
        [
          false,
          true,
          true,
          true,
          false,
          false,
          false,
          true,
          false,
          true,
          true,
          false
        ],
        [
          false,
          true,
          true,
          true,
          false,
          true,
          true,
          true,
          false,
          true,
          true,
          false
        ],
        [
          true,
          false,
          false,
          false,
          true,
          true,
          true,
          false,
          true,
          true,
          false,
          false
        ],
        [
          true,
          false,
          false,
          true,
          true,
          true,
          true,
          true,
          true,
          true,
          true,
          false
        ],
        [
          true,
          true,
          false,
          true,
          true,
          true,
          true,
          true,
          true,
          true,
          true,
          false
        ],
        [
          false,
          true,
          true,
          true,
          false,
          true,
          true,
          true,
          false,
          true,
          true,
          false
        ],
        [
          true,
          false,
          false,
          false,
          true,
          true,
          true,
          false,
          true,
          true,
          false,
          false
        ],
        [
          true,
          true,
          true,
          true,
          true,
          true,
          true,
          true,
          true,
          true,
          true,
          false
        ],
        [
          false,
          true,
          true,
          true,
          false,
          true,
          true,
          true,
          false,
          true,
          true,
          false
        ],
        [
          false,
          false,
          false,
          false,
          false,
          false,
          false,
          false,
          false,
          false,
          false,
          true
        ]
      ]
    }
  ]
}