{
  "network_id": 13,
  "spread_model": "IC",
  "correlations": [
    {
      "spread": "IC",
      "prob": 0.25,
      "n_rows": 102000,
      "avg": 0.084667,
      "std": 0.27719,
      "removed": 0,
      "labels": [
        "dir=IN;k=0",
        "dir=IN;k=1",
        "dir=IN;k=4",
        "dir=IN;k=6",
        "dir=OUT;k=0",
        "dir=OUT;k=1",
        "dir=OUT;k=4",
        "dir=OUT;k=6",
        "dir=ALL;k=0",
        "dir=ALL;k=1",
        "dir=ALL;k=4",
        "dir=ALL;k=6"
      ],
      "matrix": [
        [
          1.0,
          -0.000101,
          0.01232,
          0.00612,
          0.009075,
          0.011161,
          -0.017318,
          0.00544,
          0.011261,
          0.000139,
          -0.012584,
          -0.013742
        ],
        [
          -0.000101,
          1.0,
          -0.01723,
          0.000292,
          -0.005685,
          0.005385,
          0.009318,
          -0.011293,
          0.005307,
          0.018122,
          -0.001511,
          0.001748
        ],
        [
          0.01232,
          -0.01723,
          1.0,
          0.017665,
          -0.00106,
          0.01944,
          -0.003131,
          -0.018025,
          -0.00484,
          0.001638,
          0.010358,
          -0.017302
        ],
        [
          0.00612,
          0.000292,
          0.017665,
          1.0,
          7.3e-05,
          0.015072,
          0.009492,
          0.003643,
          0.01039,
          -0.003909,
          0.006348,
          -0.003517
        ],
        [
          0.009075,
          -0.005685,
          -0.00106,
          7.3e-05,
          1.0,
          0.015938,
          -0.013327,
          0.00582,
          0.022517,
          0.028728,
          0.009842,
          -0.01761
        ],
        [
          0.011161,
          0.005385,
          0.01944,
          0.015072,
          0.015938,
          1.0,
          -0.002399,
          -0.002713,
          0.024378,
          0.008919,
          -0.000879,
          0.002793
        ],
        [
          -0.017318,
          0.009318,
          -0.003131,
          0.009492,
          -0.013327,
          -0.002399,
          1.0,
          0.001787,
          -0.015049,
          0.009293,
          -0.021401,
          0.007805
        ],
        [
          0.00544,
          -0.011293,
          -0.018025,
          0.003643,
          0.00582,
          -0.002713,
          0.001787,
          1.0,
          -0.011185,
          0.001334,
          -0.009368,
          0.002911
        ],
        [
          0.011261,
          0.005307,
          -0.00484,
          0.01039,
          0.022517,
          0.024378,
          -0.015049,
          -0.011185,
          1.0,
          -0.012028,
          -0.010403,
          0.012044
        ],
        [
          0.000139,
          0.018122,
          0.001638,
          -0.003909,
          0.028728,
          0.008919,
          0.009293,
          0.001334,
          -0.012028,
          1.0,
          -0.013429,
          -0.016633
        ],
        [
          -0.012584,
          -0.001511,
          0.010358,
          0.006348,
          0.009842,
          -0.000879,
          -0.021401,
          -0.009368,
          -0.010403,
          -0.013429,
          1.0,
          0.02978
        ],
        [
          -0.013742,
          0.001748,
          -0.017302,
          -0.003517,
          -0.01761,
          0.002793,
          0.007805,
          0.002911,
          0.012044,
          -0.016633,
          0.02978,
          1.0
        ]
      ],
      "significant": [
        [
          true,
          false,
          false,
          false,
          false,
          false,
          false,
          false,
          false,
          false,
          false,
          false
        ],
        [
          false,
          true,
          false,
          false,
          false,
          false,
          false,
          false,
          false,
          false,
          false,
          false
        ],
        [
          false,
          false,
          true,
          false,
          false,
          false,
          false,
          false,
          false,
          false,
          false,
          false
        ],
        [
          false,
          false,
          false,
          true,
          false,
          false,
          false,
          false,
          false,
          false,
          false,
          false
        ],
        [
          false,
          false,
          false,
          false,
          true,
          false,
          false,
          false,
          true,
          true,
          false,
          false
        ],
        [
          false,
          false,
          false,
          false,
          false,
          true,
          false,
          false,
          true,
          false,
          false,
          false
        ],
        [
          false,
          false,
          false,
          false,
          false,
          false,
          true,
          false,
          false,
          false,
          true,
          false
        ],
        [
          false,
          false,
          false,
          false,
          false,
          false,
          false,
          true,
          false,
          false,
          false,
          false
        ],
        [
          false,
          false,
          false,
          false,
          true,
          true,
          false,
          false,
          true,
          false,
          false,
          false
        ],
        [
          false,
          false,
          false,
          false,
          true,
          false,
          false,
          false,
          false,
          true,
          false,
          false
        ],
        [
          false,
          false,
          false,
          false,
          false,
          false,
          true,
          false,
          false,
          false,
          true,
          true
        ],
        [
          false,
          false,
          false,
          false,
          false,
          false,
          false,
          false,
          false,
          false,
          true,
          true
        ]
      ]
    },
    {
      "spread": "IC",
      "prob": 0.5,
      "n_rows": 102000,
      "avg": 0.087847,
      "std": 0.27628,
      "removed": 0,
      "labels": [
        "dir=IN;k=0",
        "dir=IN;k=1",
        "dir=IN;k=4",
        "dir=IN;k=6",
        "dir=OUT;k=0",
        "dir=OUT;k=1",
        "dir=OUT;k=4",
        "dir=OUT;k=6",
        "dir=ALL;k=0",
        "dir=ALL;k=1",
        "dir=ALL;k=4",
        "dir=ALL;k=6"
      ],
      "matrix": [
        [
          1.0,
          -0.003279,
          0.005655,
          0.015289,
          0.033055,
          0.027683,
          -0.008876,
          0.014416,
          0.014111,
          0.018274,
          0.015247,
          -0.006349
        ],
        [
          -0.003279,
          1.0,
          -0.003386,
          0.00802,
          -0.002941,
          -0.011519,
          -0.008272,
          0.013127,
          -0.003377,
          0.012994,
          -0.011479,
          0.000909
        ],
        [
          0.005655,
          -0.003386,
          1.0,
          -0.002495,
          -0.008834,
          -0.018316,
          -0.015955,
          0.002248,
          0.005068,
          -0.000386,
          0.019967,
          0.003504
        ],
        [
          0.015289,
          0.00802,
          -0.002495,
          1.0,
          0.005321,
          0.024845,
          -0.00674,
          0.000772,
          0.00293,
          0.0038,
          -0.016988,
          0.005985
        ],
        [
          0.033055,
          -0.002941,
          -0.008834,
          0.005321,
          1.0,
          0.026008,
          0.005974,
          0.010971,
          -0.002539,
          0.009733,
          0.009046,
          0.002207
        ],
        [
          0.027683,
          -0.011519,
          -0.018316,
          0.024845,
          0.026008,
          1.0,
          0.011616,
          0.021977,
          0.030579,
          0.044327,
          0.005721,
          0.011604
        ],
        [
          -0.008876,
          -0.008272,
          -0.015955,
          -0.00674,
          0.005974,
          0.011616,
          1.0,
          -0.00927,
          -0.010008,
          -0.020885,
          -0.000965,
          0.022521
        ],
        [
          0.014416,
          0.013127,
          0.002248,
          0.000772,
          0.010971,
          0.021977,
          -0.00927,
          1.0,
          -0.004908,
          0.000484,
          -0.003916,
          0.026801
        ],
        [
          0.014111,
          -0.003377,
          0.005068,
          0.00293,
          -0.002539,
          0.030579,
          -0.010008,
          -0.004908,
          1.0,
          0.017833,
          -0.006542,
          0.008988
        ],
        [
          0.018274,
          0.012994,
          -0.000386,
          0.0038,
          0.009733,
          0.044327,
          -0.020885,
          0.000484,
          0.017833,
          1.0,
          -0.001852,
          -0.008258
        ],
        [
          0.015247,
          -0.011479,
          0.019967,
          -0.016988,
          0.009046,
          0.005721,
          -0.000965,
          -0.003916,
          -0.006542,
          -0.001852,
          1.0,
          0.003705
        ],
        [
          -0.006349,
          0.000909,
          0.003504,
          0.005985,
          0.002207,
          0.011604,
          0.022521,
          0.026801,
          0.008988,
          -0.008258,
          0.003705,
          1.0
        ]
      ],
      "significant": [
        [
          true,
          false,
          false,
          false,
          true,
          true,
          false,
          false,
          false,
          false,
          false,
          false
        ],
        [
          false,
          true,
          false,
          false,
          false,
          false,
          false,
          false,
          false,
          false,
          false,
          false
        ],
        [
          false,
          false,
          true,
          false,
          false,
          false,
          false,
          false,
          false,
          false,
          false,
          false
        ],
        [
          false,
          false,
          false,
          true,
          false,
          true,
          false,
          false,
          false,
          false,
          false,
          false
        ],
        [
          true,
          false,
          false,
          false,
          true,
          true,
          false,
          false,
          false,
          false,
          false,
          false
        ],
        [
          true,
          false,
          false,
          true,
          true,
          true,
          false,
          true,
          true,
          true,
          false,
          false
        ],
        [
          false,
          false,
          false,
          false,
          false,
          false,
          true,
          false,
          false,
          false,
          false,
          true
        ],
        [
          false,
          false,
          false,
          false,
          false,
          true,
          false,
          true,
          false,
          false,
          false,
          true
        ],
        [
          false,
          false,
          false,
          false,
          false,
          true,
          false,
          false,
          true,
          false,
          false,
          false
        ],
        [
          false,
          false,
          false,
          false,
          false,
          true,
          false,
          false,
          false,
          true,
          false,
          false
        ],
        [
          false,
          false,
          false,
          false,
          false,
          false,
          false,
          false,
          false,
          false,
          true,
          false
        ],
        [
          false,
          false,
          false,
          false,
          false,
          false,
          true,
          true,
          false,
          false,
          false,
          true
        ]
      ]
    },
    {
      "spread": "IC",
      "prob": 0.75,
      "n_rows": 102000,
      "avg": 0.086788,
      "std": 0.27658,
      "removed": 0,
      "labels": [
        "dir=IN;k=0",
        "dir=IN;k=1",
        "dir=IN;k=4",
        "dir=IN;k=6",
        "dir=OUT;k=0",
        "dir=OUT;k=1",
        "dir=OUT;k=4",
        "dir=OUT;k=6",
        "dir=ALL;k=0",
        "dir=ALL;k=1",
        "dir=ALL;k=4",
        "dir=ALL;k=6"
      ],
      "matrix": [
        [
          1.0,
          -0.008775,
          0.001402,
          -0.002729,
          0.00058,
          0.016193,
          -0.014915,
          0.01411,
          0.020507,
          0.005987,
          0.010204,
          -0.009653
        ],
        [
          -0.008775,
          1.0,
          0.004403,
          -0.001339,
          -0.00827,
          0.002926,
          -0.00814,
          0.00197,
          -0.010874,
          0.054634,
          0.010949,
          0.007527
        ],
        [
          0.001402,
          0.004403,
          1.0,
          0.015928,
          0.010776,
          0.009126,
          0.024074,
          -0.005129,
          0.008999,
          0.019251,
          0.002643,
          0.012576
        ],
        [
          -0.002729,
          -0.001339,
          0.015928,
          1.0,
          0.004449,
          0.001845,
          0.003004,
          -0.010038,
          -0.000675,
          0.00578,
          -0.001981,
          -0.002111
        ],
        [
          0.00058,
          -0.00827,
          0.010776,
          0.004449,
          1.0,
          0.011555,
          -0.002801,
          -0.005251,
          0.00287,
          0.010482,
          -0.008758,
          -0.009148
        ],
        [
          0.016193,
          0.002926,
          0.009126,
          0.001845,
          0.011555,
          1.0,
          0.008318,
          -0.001693,
          0.015366,
          0.038314,
          0.006157,
          0.003313
        ],
        [
          -0.014915,
          -0.00814,
          0.024074,
          0.003004,
          -0.002801,
          0.008318,
          1.0,
          -0.017452,
          0.007816,
          0.001927,
          0.001319,
          -0.007115
        ],
        [
          0.01411,
          0.00197,
          -0.005129,
          -0.010038,
          -0.005251,
          -0.001693,
          -0.017452,
          1.0,
          0.010407,
          -0.022811,
          0.007663,
          -0.025674
        ],
        [
          0.020507,
          -0.010874,
          0.008999,
          -0.000675,
          0.00287,
          0.015366,
          0.007816,
          0.010407,
          1.0,
          0.017115,
          0.019976,
          -0.002562
        ],
        [
          0.005987,
          0.054634,
          0.019251,
          0.00578,
          0.010482,
          0.038314,
          0.001927,
          -0.022811,
          0.017115,
          1.0,
          0.014894,
          0.000961
        ],
        [
          0.010204,
          0.010949,
          0.002643,
          -0.001981,
          -0.008758,
          0.006157,
          0.001319,
          0.007663,
          0.019976,
          0.014894,
          1.0,
          -0.011652
        ],
        [
          -0.009653,
          0.007527,
          0.012576,
          -0.002111,
          -0.009148,
          0.003313,
          -0.007115,
          -0.025674,
          -0.002562,
          0.000961,
          -0.011652,
          1.0
        ]
      ],
      "significant": [
        [
          true,
          false,
          false,
          false,
          false,
          false,
          false,
          false,
          false,
          false,
          false,
          false
        ],
        [
          false,
          true,
          false,
          false,
          false,
          false,
          false,
          false,
          false,
          true,
          false,
          false
        ],
        [
          false,
          false,
          true,
          false,
          false,
          false,
          true,
          false,
          false,
          false,
          false,
          false
        ],
        [
          false,
          false,
          false,
          true,
          false,
          false,
          false,
          false,
          false,
          false,
          false,
          false
        ],
        [
          false,
          false,
          false,
          false,
          true,
          false,
          false,
          false,
          false,
          false,
          false,
          false
        ],
        [
          false,
          false,
          false,
          false,
          false,
          true,
          false,
          false,
          false,
          true,
          false,
          false
        ],
        [
          false,
          false,
          true,
          false,
          false,
          false,
          true,
          false,
          false,
          false,
          false,
          false
        ],
        [
          false,
          false,
          false,
          false,
          false,
          false,
          false,
          true,
          false,
          true,
          false,
          true
        ],
        [
          false,
          false,
          false,
          false,
          false,
          false,
          false,
          false,
          true,
          false,
          false,
          false
        ],
        [
          false,
          true,
          false,
          false,
          false,
          true,
          false,
          true,
          false,
          true,
          false,
          false
        ],
        [
          false,
          false,
          false,
          false,
          false,
          false,
          false,
          false,
          false,
          false,
          true,
          false
        ],
        [
          false,
          false,
          false,
          false,
          false,
          false,
          false,
          true,
          false,
          false,
          false,
          true
        ]
      ]
    },
    {
      "spread": "IC",
      "prob": 1.0,
      "n_rows": 102000,
      "avg": 0.300014,
      "std": 0.448364,
      "removed": 102,
      "labels": [
        "dir=IN;k=0",
        "dir=IN;k=1",
        "dir=IN;k=4",
        "dir=IN;k=6",
        "dir=OUT;k=0",
        "dir=OUT;k=1",
        "dir=OUT;k=4",
        "dir=OUT;k=6",
        "dir=ALL;k=0",
        "dir=ALL;k=1",
        "dir=ALL;k=4",
        "dir=ALL;k=6"
      ],
      "matrix": [
        [
          1.0,
          -0.007296,
          null,
          null,
          0.017839,
          0.031526,
          null,
          null,
          0.023543,
          0.022426,
          null,
          null
        ],
        [
          -0.007296,
          1.0,
          null,
          null,
          0.028359,
          0.028678,
          null,
          null,
          -0.00552,
          0.061373,
          null,
          null
        ],
        [
          null,
          null,
          1.0,
          null,
          null,
          null,
          null,
          null,
          null,
          null,
          null,
          null
        ],
        [
          null,
          null,
          null,
          1.0,
          null,
          null,
          null,
          null,
          null,
          null,
          null,
          null
        ],
        [
          0.017839,
          0.028359,
          null,
          null,
          1.0,
          0.009732,
          null,
          null,
          -0.011018,
          0.014982,
          null,
          null
        ],
        [
          0.031526,
          0.028678,
          null,
          null,
          0.009732,
          1.0,
          null,
          null,
          0.01419,
          0.047092,
          null,
          null
        ],
        [
          null,
          null,
          null,
          null,
          null,
          null,
          1.0,
          null,
          null,
          null,
          null,
          null
        ],
        [
          null,
          null,
          null,
          null,
          null,
          null,
          null,
          1.0,
          null,
          null,
          null,
          null
        ],
        [
          0.023543,
          -0.00552,
          null,
          null,
          -0.011018,
          0.01419,
          null,
          null,
          1.0,
          0.024397,
          null,
          null
        ],
        [
          0.022426,
          0.061373,
          null,
          null,
          0.014982,
          0.047092,
          null,
          null,
          0.024397,
          1.0,
          null,
          null
        ],
        [
          null,
          null,
          null,
          null,
          null,
          null,
          null,
          null,
          null,
          null,
          1.0,
          null
        ],
        [
          null,
          null,
          null,
          null,
          null,
          null,
          null,
          null,
          null,
          null,
          null,
          1.0
        ]
      ],
      "significant": [
        [
          true,
          false,
          false,
          false,
          false,
          true,
          false,
          false,
          true,
          true,
          false,
          false
        ],
        [
          false,
          true,
          false,
          false,
          true,
          true,
          false,
          false,
          false,
          true,
          false,
          false
        ],
        [
          false,
          false,
          true,
          false,
          false,
          false,
          false,
          false,
          false,
          false,
          false,
          false
        ],
        [
          false,
          false,
          false,
          true,
          false,
          false,
          false,
          false,
          false,
          false,
          false,
          false
        ],
        [
          false,
          true,
          false,
          false,
          true,
          false,
          false,
          false,
          false,
          false,
          false,
          false
        ],
        [
          true,
          true,
          false,
          false,
          false,
          true,
          false,
          false,
          false,
          true,
          false,
          false
        ],
        [
          false,
          false,
          false,
          false,
          false,
          false,
          true,
          false,
          false,
          false,
          false,
          false
        ],
        [
          false,
          false,
          false,
          false,
          false,
          false,
          false,
          true,
          false,
          false,
          false,
          false
        ],
        [
          true,
          false,
          false,
          false,
          false,
          false,
          false,
          false,
          true,
          true,
          false,
          false
        ],
        [
          true,
          true,
          false,
          false,
          false,
          true,
          false,
          false,
          true,
          true,
          false,
          false
        ],
        [
          false,
          false,
          false,
          false,
          false,
          false,
          false,
          false,
          false,
          false,
          true,
          false
        ],
        [
          false,
          false,
          false,
          false,
          false,
          false,
          false,
          false,
          false,
          false,
          false,
          true
        ]
      ]
    }
  ]
}