{
  "network_id": 14,
  "spread_model": "IC",
  "correlations": [
    {
      "spread": "IC",
      "prob": 0.25,
      "n_rows": 102000,
      "avg": 0.084124,
      "std": 0.277284,
      "removed": 0,
      "labels": [
        "dir=IN;k=0",
        "dir=IN;k=1",
        "dir=IN;k=4",
        "dir=IN;k=6",
        "dir=OUT;k=0",
        "dir=OUT;k=1",
        "dir=OUT;k=4",
        "dir=OUT;k=6",
        "dir=ALL;k=0",
        "dir=ALL;k=1",
        "dir=ALL;k=4",
        "dir=ALL;k=6"
      ],
      "matrix": [
        [
          1.0,
          -0.010329,
          0.00578,
          -0.007222,
          -0.003235,
          0.014648,
          0.008067,
          -0.00999,
          0.003398,
          -0.003306,
          0.015966,
          0.017434
        ],
        [
          -0.010329,
          1.0,
          0.016075,
          0.003962,
          0.018256,
          0.003415,
          0.00047,
          0.009012,
          -0.000754,
          0.004581,
          -0.01653,
          0.005567
        ],
        [
          0.00578,
          0.016075,
          1.0,
          -0.01148,
          0.007767,
          -0.008707,
          -0.00033,
          -0.01405,
          0.007594,
          0.008245,
          -0.001195,
          -0.013163
        ],
        [
          -0.007222,
          0.003962,
          -0.01148,
          1.0,
          0.010907,
          0.002235,
          -0.022068,
          -0.013696,
          0.011516,
          -0.017734,
          -0.007324,
          -0.00176
        ],
        [
          -0.003235,
          0.018256,
          0.007767,
          0.010907,
          1.0,
          0.003855,
          0.009329,
          0.007241,
          0.003079,
          -0.000773,
          -0.007184,
          0.011656
        ],
        [
          0.014648,
          0.003415,
          -0.008707,
          0.002235,
          0.003855,
          1.0,
          0.009838,
          -0.013917,
          0.022695,
          -0.009425,
          -0.014315,
          0.005604
        ],
        [
          0.008067,
          0.00047,
          -0.00033,
          -0.022068,
          0.009329,
          0.009838,
          1.0,
          0.012566,
          0.01326,
          -0.008138,
          -0.00865,
          -0.004366
        ],
        [
          -0.00999,
          0.009012,
          -0.01405,
          -0.013696,
          0.007241,
          -0.013917,
          0.012566,
          1.0,
          -0.010698,
          -0.009934,
          -0.001873,
          0.007956
        ],
        [
          0.003398,
          -0.000754,
          0.007594,
          0.011516,
          0.003079,
          0.022695,
          0.01326,
          -0.010698,
          1.0,
          -0.00737,
          0.001569,
          0.010666
        ],
        [
          -0.003306,
          0.004581,
          0.008245,
          -0.017734,
          -0.000773,
          -0.009425,
          -0.008138,
          -0.009934,
          -0.00737,
          1.0,
          0.014457,
          0.002396
        ],
        [
          0.015966,
          -0.01653,
          -0.001195,
          -0.007324,
          -0.007184,
          -0.014315,
          -0.00865,
          -0.001873,
          0.001569,
          0.014457,
          1.0,
          0.005416
        ],
        [
          0.017434,
          0.005567,
          -0.013163,
          -0.00176,
          0.011656,
          0.005604,
          -0.004366,
          0.007956,
          0.010666,
          0.002396,
          0.005416,
          1.0
        ]
      ],
      "significant": [
        [
          true,
          false,
          false,
          false,
          false,
          false,
          false,
          false,
          false,
          false,
          false,
          false
        ],
        [
          false,
          true,
          false,
          false,
          false,
          false,
          false,
          false,
          false,
          false,
          false,
          false
        ],
        [
          false,
          false,
          true,
          false,
          false,
          false,
          false,
          false,
          false,
          false,
          false,
          false
        ],
        [
          false,
          false,
          false,
          true,
          false,
          false,
          true,
          false,
          false,
          false,
          false,
          false
        ],
        [
          false,
          false,
          false,
          false,
          true,
          false,
          false,
          false,
          false,
          false,
          false,
          false
        ],
        [
          false,
          false,
          false,
          false,
          false,
          true,
          false,
          false,
          true,
          false,
          false,
          false
        ],
        [
          false,
          false,
          false,
          true,
          false,
          false,
          true,
          false,
          false,
          false,
          false,
          false
        ],
        [
          false,
          false,
          false,
          false,
          false,
          false,
          false,
          true,
          false,
          false,
          false,
          false
        ],
        [
          false,
          false,
          false,
          false,
          false,
          true,
          false,
          false,
          true,
          false,
          false,
          false
        ],
        [
          false,
          false,
          false,
          false,
          false,
          false,
          false,
          false,
          false,
          true,
          false,
          false
        ],
        [
          false,
          false,
          false,
          false,
          false,
          false,
          false,
          false,
          false,
          false,
          true,
          false
        ],
        [
          false,
          false,
          false,
          false,
          false,
          false,
          false,
          false,
          false,
          false,
          false,
          true
        ]
      ]
    },
    {
      "spread": "IC",
      "prob": 0.5,
      "n_rows": 102000,
      "avg": 0.086038,
      "std": 0.276762,
      "removed": 0,
      "labels": [
        "dir=IN;k=0",
        "dir=IN;k=1",
        "dir=IN;k=4",
        "dir=IN;k=6",
        "dir=OUT;k=0",
        "dir=OUT;k=1",
        "dir=OUT;k=4",
        "dir=OUT;k=6",
        "dir=ALL;k=0",
        "dir=ALL;k=1",
        "dir=ALL;k=4",
        "dir=ALL;k=6"
      ],
      "matrix": [
        [
          1.0,
          0.001375,
          -0.00753,
          -0.01054,
          -0.000963,
          0.017072,
          0.010867,
          0.003927,
          0.005601,
          0.007444,
          0.000156,
          0.015106
        ],
        [
          0.001375,
          1.0,
          -0.00241,
          0.022045,
          -0.002084,
          -0.019423,
          0.009866,
          0.000228,
          0.002004,
          0.042914,
          0.017476,
          -0.015913
        ],
        [
          -0.00753,
          -0.00241,
          1.0,
          -0.000663,
          0.001831,
          0.007532,
          -0.001888,
          -0.006063,
          0.008268,
          -0.004032,
          -0.004115,
          -0.011995
        ],
        [
          -0.01054,
          0.022045,
          -0.000663,
          1.0,
          -0.001401,
          0.010042,
          0.017293,
          0.003323,
          -0.009242,
          -0.002369,
          0.014013,
          0.007076
        ],
        [
          -0.000963,
          -0.002084,
          0.001831,
          -0.001401,
          1.0,
          0.016018,
          -0.008791,
          -0.002025,
          0.014612,
          0.023591,
          0.019092,
          -0.013171
        ],
        [
          0.017072,
          -0.019423,
          0.007532,
          0.010042,
          0.016018,
          1.0,
          -0.004655,
          0.03027,
          0.002523,
          0.024236,
          0.001697,
          0.013466
        ],
        [
          0.010867,
          0.009866,
          -0.001888,
          0.017293,
          -0.008791,
          -0.004655,
          1.0,
          -0.001219,
          -0.010161,
          -0.003375,
          -0.003494,
          0.003345
        ],
        [
          0.003927,
          0.000228,
          -0.006063,
          0.003323,
          -0.002025,
          0.03027,
          -0.001219,
          1.0,
          0.002533,
          -0.010958,
          -0.013814,
          0.006827
        ],
        [
          0.005601,
          0.002004,
          0.008268,
          -0.009242,
          0.014612,
          0.002523,
          -0.010161,
          0.002533,
          1.0,
          0.007709,
          0.000788,
          -0.012984
        ],
        [
          0.007444,
          0.042914,
          -0.004032,
          -0.002369,
          0.023591,
          0.024236,
          -0.003375,
          -0.010958,
          0.007709,
          1.0,
          -0.012244,
          -0.005762
        ],
        [
          0.000156,
          0.017476,
          -0.004115,
          0.014013,
          0.019092,
          0.001697,
          -0.003494,
          -0.013814,
          0.000788,
          -0.012244,
          1.0,
          0.005886
        ],
        [
          0.015106,
          -0.015913,
          -0.011995,
          0.007076,
          -0.013171,
          0.013466,
          0.003345,
          0.006827,
          -0.012984,
          -0.005762,
          0.005886,
          1.0
        ]
      ],
      "significant": [
        [
          true,
          false,
          false,
          false,
          false,
          false,
          false,
          false,
          false,
          false,
          false,
          false
        ],
        [
          false,
          true,
          false,
          true,
          false,
          false,
          false,
          false,
          false,
          true,
          false,
          false
        ],
        [
          false,
          false,
          true,
          false,
          false,
          false,
          false,
          false,
          false,
          false,
          false,
          false
        ],
        [
          false,
          true,
          false,
          true,
          false,
          false,
          false,
          false,
          false,
          false,
          false,
          false
        ],
        [
          false,
          false,
          false,
          false,
          true,
          false,
          false,
          false,
          false,
          true,
          false,
          false
        ],
        [
          false,
          false,
          false,
          false,
          false,
          true,
          false,
          true,
          false,
          true,
          false,
          false
        ],
        [
          false,
          false,
          false,
          false,
          false,
          false,
          true,
          false,
          false,
          false,
          false,
          false
        ],
        [
          false,
          false,
          false,
          false,
          false,
          true,
          false,
          true,
          false,
          false,
          false,
          false
        ],
        [
          false,
          false,
          false,
          false,
          false,
          false,
          false,
          false,
          true,
          false,
          false,
          false
        ],
        [
          false,
          true,
          false,
          false,
          true,
          true,
          false,
          false,
          false,
          true,
          false,
          false
        ],
        [
          false,
          false,
          false,
          false,
          false,
          false,
          false,
          false,
          false,
          false,
          true,
          false
        ],
        [
          false,
          false,
          false,
          false,
          false,
          false,
          false,
          false,
          false,
          false,
          false,
          true
        ]
      ]
    },
    {
      "spread": "IC",
      "prob": 0.75,
      "n_rows": 102000,
      "avg": 0.085809,
      "std": 0.276852,
      "removed": 0,
      "labels": [
        "dir=IN;k=0",
        "dir=IN;k=1",
        "dir=IN;k=4",
        "dir=IN;k=6",
        "dir=OUT;k=0",
        "dir=OUT;k=1",
        "dir=OUT;k=4",
        "dir=OUT;k=6",
        "dir=ALL;k=0",
        "dir=ALL;k=1",
        "dir=ALL;k=4",
        "dir=ALL;k=6"
      ],
      "matrix": [
        [
          1.0,
          0.007241,
          -0.001129,
          2.5e-05,
          0.024697,
          0.027892,
          0.009767,
          0.015298,
          -0.004965,
          0.02691,
          -0.013798,
          -0.013604
        ],
        [
          0.007241,
          1.0,
          -0.004608,
          -0.000535,
          0.010078,
          0.017893,
          -0.012021,
          -0.000264,
          -0.002591,
          0.035245,
          -0.000748,
          -0.000285
        ],
        [
          -0.001129,
          -0.004608,
          1.0,
          -0.001069,
          0.013165,
          0.00602,
          0.016173,
          -0.006141,
          0.008648,
          0.003446,
          0.019429,
          -0.0024
        ],
        [
          2.5e-05,
          -0.000535,
          -0.001069,
          1.0,
          0.017938,
          -0.002,
          -0.004754,
          0.005928,
          0.000224,
          -0.010599,
          0.003509,
          -0.005225
        ],
        [
          0.024697,
          0.010078,
          0.013165,
          0.017938,
          1.0,
          0.013196,
          0.000523,
          -0.002357,
          -0.015759,
          0.005608,
          0.000569,
          -0.001384
        ],
        [
          0.027892,
          0.017893,
          0.00602,
          -0.002,
          0.013196,
          1.0,
          0.00813,
          0.002521,
          0.005166,
          0.035492,
          0.011268,
          -0.020526
        ],
        [
          0.009767,
          -0.012021,
          0.016173,
          -0.004754,
          0.000523,
          0.00813,
          1.0,
          0.007916,
          -0.004702,
          0.000203,
          -0.008877,
          0.000918
        ],
        [
          0.015298,
          -0.000264,
          -0.006141,
          0.005928,
          -0.002357,
          0.002521,
          0.007916,
          1.0,
          -0.012655,
          -0.03134,
          -0.002419,
          -0.009944
        ],
        [
          -0.004965,
          -0.002591,
          0.008648,
          0.000224,
          -0.015759,
          0.005166,
          -0.004702,
          -0.012655,
          1.0,
          0.017072,
          0.003714,
          -0.001886
        ],
        [
          0.02691,
          0.035245,
          0.003446,
          -0.010599,
          0.005608,
          0.035492,
          0.000203,
          -0.03134,
          0.017072,
          1.0,
          -0.008786,
          0.000866
        ],
        [
          -0.013798,
          -0.000748,
          0.019429,
          0.003509,
          0.000569,
          0.011268,
          -0.008877,
          -0.002419,
          0.003714,
          -0.008786,
          1.0,
          0.002941
        ],
        [
          -0.013604,
          -0.000285,
          -0.0024,
          -0.005225,
          -0.001384,
          -0.020526,
          0.000918,
          -0.009944,
          -0.001886,
          0.000866,
          0.002941,
          1.0
        ]
      ],
      "significant": [
        [
          true,
          false,
          false,
          false,
          true,
          true,
          false,
          false,
          false,
          true,
          false,
          false
        ],
        [
          false,
          true,
          false,
          false,
          false,
          false,
          false,
          false,
          false,
          true,
          false,
          false
        ],
        [
          false,
          false,
          true,
          false,
          false,
          false,
          false,
          false,
          false,
          false,
          false,
          false
        ],
        [
          false,
          false,
          false,
          true,
          false,
          false,
          false,
          false,
          false,
          false,
          false,
          false
        ],
        [
          true,
          false,
          false,
          false,
          true,
          false,
          false,
          false,
          false,
          false,
          false,
          false
        ],
        [
          true,
          false,
          false,
          false,
          false,
          true,
          false,
          false,
          false,
          true,
          false,
          false
        ],
        [
          false,
          false,
          false,
          false,
          false,
          false,
          true,
          false,
          false,
          false,
          false,
          false
        ],
        [
          false,
          false,
          false,
          false,
          false,
          false,
          false,
          true,
          false,
          true,
          false,
          false
        ],
        [
          false,
          false,
          false,
          false,
          false,
          false,
          false,
          false,
          true,
          false,
          false,
          false
        ],
        [
          true,
          true,
          false,
          false,
          false,
          true,
          false,
          true,
          false,
          true,
          false,
          false
        ],
        [
          false,
          false,
          false,
          false,
          false,
          false,
          false,
          false,
          false,
          false,
          true,
          false
        ],
        [
          false,
          false,
          false,
          false,
          false,
          false,
          false,
          false,
          false,
          false,
          false,
          true
        ]
      ]
    },
    {
      "spread": "IC",
      "prob": 1.0,
      "n_rows": 102000,
      "avg": 0.188931,
      "std": 0.378546,
      "removed": 76,
      "labels": [
        "dir=IN;k=0",
        "dir=IN;k=1",
        "dir=IN;k=4",
        "dir=IN;k=6",
        "dir=OUT;k=0",
        "dir=OUT;k=1",
        "dir=OUT;k=4",
        "dir=OUT;k=6",
        "dir=ALL;k=0",
        "dir=ALL;k=1",
        "dir=ALL;k=4",
        "dir=ALL;k=6"
      ],
      "matrix": [
        [
          1.0,
          -0.013971,
          0.012247,
          null,
          0.026269,
          0.019955,
          0.002522,
          null,
          0.001996,
          0.003472,
          null,
          null
        ],
        [
          -0.013971,
          1.0,
          0.018786,
          null,
          -0.013229,
          0.001621,
          0.018781,
          null,
          0.015275,
          0.05809,
          null,
          null
        ],
        [
          0.012247,
          0.018786,
          1.0,
          null,
          0.01214,
          0.018781,
          -0.000118,
          null,
          0.012271,
          0.018783,
          null,
          null
        ],
        [
          null,
          null,
          null,
          1.0,
          null,
          null,
          null,
          null,
          null,
          null,
          null,
          null
        ],
        [
          0.026269,
          -0.013229,
          0.01214,
          null,
          1.0,
          0.029222,
          0.00264,
          null,
          0.006808,
          0.017544,
          null,
          null
        ],
        [
          0.019955,
          0.001621,
          0.018781,
          null,
          0.029222,
          1.0,
          0.018786,
          null,
          0.024006,
          0.062404,
          null,
          null
        ],
        [
          0.002522,
          0.018781,
          -0.000118,
          null,
          0.00264,
          0.018786,
          1.0,
          null,
          0.002488,
          0.018783,
          null,
          null
        ],
        [
          null,
          null,
          null,
          null,
          null,
          null,
          null,
          1.0,
          null,
          null,
          null,
          null
        ],
        [
          0.001996,
          0.015275,
          0.012271,
          null,
          0.006808,
          0.024006,
          0.002488,
          null,
          1.0,
          0.027313,
          null,
          null
        ],
        [
          0.003472,
          0.05809,
          0.018783,
          null,
          0.017544,
          0.062404,
          0.018783,
          null,
          0.027313,
          1.0,
          null,
          null
        ],
        [
          null,
          null,
          null,
          null,
          null,
          null,
          null,
          null,
          null,
          null,
          1.0,
          null
        ],
        [
          null,
          null,
          null,
          null,
          null,
          null,
          null,
          null,
          null,
          null,
          null,
          1.0
        ]
      ],
      "significant": [
        [
          true,
          false,
          false,
          false,
          true,
          false,
          false,
          false,
          false,
          false,
          false,
          false
        ],
        [
          false,
          true,
          false,
          false,
          false,
          false,
          false,
          false,
          false,
          true,
          false,
          false
        ],
        [
          false,
          false,
          true,
          false,
          false,
          false,
          false,
          false,
          false,
          false,
          false,
          false
        ],
        [
          false,
          false,
          false,
          true,
          false,
          false,
          false,
          false,
          false,
          false,
          false,
          false
        ],
        [
          true,
          false,
          false,
          false,
          true,
          true,
          false,
          false,
          false,
          false,
          false,
          false
        ],
        [
          false,
          false,
          false,
          false,
          true,
          true,
          false,
          false,
          true,
          true,
          false,
          false
        ],
        [
          false,
          false,
          false,
          false,
          false,
          false,
          true,
          false,
          false,
          false,
          false,
          false
        ],
        [
          false,
          false,
          false,
          false,
          false,
          false,
          false,
          true,
          false,
          false,
          false,
          false
        ],
        [
          false,
          false,
          false,
          false,
          false,
          true,
          false,
          false,
          true,
          true,
          false,
          false
        ],
        [
          false,
          true,
          false,
          false,
          false,
          true,
          false,
          false,
          true,
          true,
          false,
          false
        ],
        [
          false,
          false,
          false,
          false,
          false,
          false,
          false,
          false,
          false,
          false,
          true,
          false
        ],
        [
          false,
          false,
          false,
          false,
          false,
          false,
          false,
          false,
          false,
          false,
          false,
          true
        ]
      ]
    }
  ]
}