{
  "network_id": 16,
  "spread_model": "IC",
  "correlations": [
    {
      "spread": "IC",
      "prob": 0.25,
      "n_rows": 102000,
      "avg": 0.083919,
      "std": 0.277375,
      "removed": 0,
      "labels": [
        "dir=IN;k=0",
        "dir=IN;k=1",
        "dir=IN;k=4",
        "dir=IN;k=6",
        "dir=OUT;k=0",
        "dir=OUT;k=1",
        "dir=OUT;k=4",
        "dir=OUT;k=6",
        "dir=ALL;k=0",
        "dir=ALL;k=1",
        "dir=ALL;k=4",
        "dir=ALL;k=6"
      ],
      "matrix": [
        [
          1.0,
          -0.006544,
          -0.017049,
          -0.014355,
          -0.016962,
          0.012386,
          -0.005031,
          0.006813,
          0.016701,
          0.002245,
          0.002697,
          0.009798
        ],
        [
          -0.006544,
          1.0,
          0.015354,
          0.017839,
          -0.004674,
          -0.005147,
          0.002364,
          0.014365,
          -0.003158,
          0.017161,
          -0.017025,
          0.014178
        ],
        [
          -0.017049,
          0.015354,
          1.0,
          -0.02278,
          -0.015926,
          -0.006881,
          0.010723,
          2.2e-05,
          -0.018725,
          -0.001891,
          0.008668,
          0.004337
        ],
        [
          -0.014355,
          0.017839,
          -0.02278,
          1.0,
          0.003209,
          -0.004662,
          0.000422,
          0.004099,
          0.018992,
          -0.015435,
          0.004833,
          -0.008629
        ],
        [
          -0.016962,
          -0.004674,
          -0.015926,
          0.003209,
          1.0,
          -0.009534,
          0.009434,
          -0.004171,
          -0.001691,
          -0.016856,
          -0.019355,
          -0.023267
        ],
        [
          0.012386,
          -0.005147,
          -0.006881,
          -0.004662,
          -0.009534,
          1.0,
          0.007594,
          -0.012307,
          0.010346,
          0.019102,
          0.007858,
          0.00407
        ],
        [
          -0.005031,
          0.002364,
          0.010723,
          0.000422,
          0.009434,
          0.007594,
          1.0,
          0.00986,
          0.008167,
          0.005975,
          -0.008668,
          -5.7e-05
        ],
        [
          0.006813,
          0.014365,
          2.2e-05,
          0.004099,
          -0.004171,
          -0.012307,
          0.00986,
          1.0,
          0.01585,
          0.004508,
          0.00379,
          0.003251
        ],
        [
          0.016701,
          -0.003158,
          -0.018725,
          0.018992,
          -0.001691,
          0.010346,
          0.008167,
          0.01585,
          1.0,
          0.004987,
          0.003867,
          0.007628
        ],
        [
          0.002245,
          0.017161,
          -0.001891,
          -0.015435,
          -0.016856,
          0.019102,
          0.005975,
          0.004508,
          0.004987,
          1.0,
          0.001488,
          0.004132
        ],
        [
          0.002697,
          -0.017025,
          0.008668,
          0.004833,
          -0.019355,
          0.007858,
          -0.008668,
          0.00379,
          0.003867,
          0.001488,
          1.0,
          0.003859
        ],
        [
          0.009798,
          0.014178,
          0.004337,
          -0.008629,
          -0.023267,
          0.00407,
          -5.7e-05,
          0.003251,
          0.007628,
          0.004132,
          0.003859,
          1.0
        ]
      ],
      "significant": [
        [
          true,
          false,
          false,
          false,
          false,
          false,
          false,
          false,
          false,
          false,
          false,
          false
        ],
        [
          false,
          true,
          false,
          false,
          false,
          false,
          false,
          false,
          false,
          false,
          false,
          false
        ],
        [
          false,
          false,
          true,
          true,
          false,
          false,
          false,
          false,
          false,
          false,
          false,
          false
        ],
        [
          false,
          false,
          true,
          true,
          false,
          false,
          false,
          false,
          false,
          false,
          false,
          false
        ],
        [
          false,
          false,
          false,
          false,
          true,
          false,
          false,
          false,
          false,
          false,
          false,
          true
        ],
        [
          false,
          false,
          false,
          false,
          false,
          true,
          false,
          false,
          false,
          false,
          false,
          false
        ],
        [
          false,
          false,
          false,
          false,
          false,
          false,
          true,
          false,
          false,
          false,
          false,
          false
        ],
        [
          false,
          false,
          false,
          false,
          false,
          false,
          false,
          true,
          false,
          false,
          false,
          false
        ],
        [
          false,
          false,
          false,
          false,
          false,
          false,
          false,
          false,
          true,
          false,
          false,
          false
        ],
        [
          false,
          false,
          false,
          false,
          false,
          false,
          false,
          false,
          false,
          true,
          false,
          false
        ],
        [
          false,
          false,
          false,
          false,
          false,
          false,
          false,
          false,
          false,
          false,
          true,
          false
        ],
        [
          false,
          false,
          false,
          false,
          true,
          false,
          false,
          false,
          false,
          false,
          false,
          true
        ]
      ]
    },
    {
      "spread": "IC",
      "prob": 0.5,
      "n_rows": 102000,
      "avg": 0.084904,
      "std": 0.277139,
      "removed": 0,
      "labels": [
        "dir=IN;k=0",
        "dir=IN;k=1",
        "dir=IN;k=4",
        "dir=IN;k=6",
        "dir=OUT;k=0",
        "dir=OUT;k=1",
        "dir=OUT;k=4",
        "dir=OUT;k=6",
        "dir=ALL;k=0",
        "dir=ALL;k=1",
        "dir=ALL;k=4",
        "dir=ALL;k=6"
      ],
      "matrix": [
        [
          1.0,
          0.010594,
          0.001606,
          -0.008099,
          0.001851,
          0.000997,
          0.004797,
          -0.010023,
          0.005981,
          -0.003601,
          -0.01435,
          -0.000546
        ],
        [
          0.010594,
          1.0,
          0.002518,
          0.001813,
          0.001679,
          -0.010077,
          0.00445,
          0.013404,
          0.007947,
          0.035182,
          -0.007647,
          0.006093
        ],
        [
          0.001606,
          0.002518,
          1.0,
          0.011983,
          -0.001027,
          0.000824,
          0.001112,
          -0.00728,
          0.011603,
          -0.009438,
          -0.003992,
          0.007417
        ],
        [
          -0.008099,
          0.001813,
          0.011983,
          1.0,
          -0.004819,
          -0.006521,
          0.004493,
          0.011968,
          0.014756,
          0.000743,
          0.006221,
          0.001552
        ],
        [
          0.001851,
          0.001679,
          -0.001027,
          -0.004819,
          1.0,
          -0.001738,
          -0.01819,
          0.007327,
          -0.007053,
          0.010863,
          0.008728,
          -0.014929
        ],
        [
          0.000997,
          -0.010077,
          0.000824,
          -0.006521,
          -0.001738,
          1.0,
          -0.002408,
          -0.001649,
          0.027115,
          0.063722,
          0.010525,
          -0.015079
        ],
        [
          0.004797,
          0.00445,
          0.001112,
          0.004493,
          -0.01819,
          -0.002408,
          1.0,
          -0.006934,
          -0.018187,
          -0.009959,
          -0.014905,
          0.001349
        ],
        [
          -0.010023,
          0.013404,
          -0.00728,
          0.011968,
          0.007327,
          -0.001649,
          -0.006934,
          1.0,
          0.009004,
          -0.012419,
          0.008024,
          -0.00277
        ],
        [
          0.005981,
          0.007947,
          0.011603,
          0.014756,
          -0.007053,
          0.027115,
          -0.018187,
          0.009004,
          1.0,
          0.001041,
          0.005283,
          0.005911
        ],
        [
          -0.003601,
          0.035182,
          -0.009438,
          0.000743,
          0.010863,
          0.063722,
          -0.009959,
          -0.012419,
          0.001041,
          1.0,
          -0.015136,
          0.001527
        ],
        [
          -0.01435,
          -0.007647,
          -0.003992,
          0.006221,
          0.008728,
          0.010525,
          -0.014905,
          0.008024,
          0.005283,
          -0.015136,
          1.0,
          0.009886
        ],
        [
          -0.000546,
          0.006093,
          0.007417,
          0.001552,
          -0.014929,
          -0.015079,
          0.001349,
          -0.00277,
          0.005911,
          0.001527,
          0.009886,
          1.0
        ]
      ],
      "significant": [
        [
          true,
          false,
          false,
          false,
          false,
          false,
          false,
          false,
          false,
          false,
          false,
          false
        ],
        [
          false,
          true,
          false,
          false,
          false,
          false,
          false,
          false,
          false,
          true,
          false,
          false
        ],
        [
          false,
          false,
          true,
          false,
          false,
          false,
          false,
          false,
          false,
          false,
          false,
          false
        ],
        [
          false,
          false,
          false,
          true,
          false,
          false,
          false,
          false,
          false,
          false,
          false,
          false
        ],
        [
          false,
          false,
          false,
          false,
          true,
          false,
          false,
          false,
          false,
          false,
          false,
          false
        ],
        [
          false,
          false,
          false,
          false,
          false,
          true,
          false,
          false,
          true,
          true,
          false,
          false
        ],
        [
          false,
          false,
          false,
          false,
          false,
          false,
          true,
          false,
          false,
          false,
          false,
          false
        ],
        [
          false,
          false,
          false,
          false,
          false,
          false,
          false,
          true,
          false,
          false,
          false,
          false
        ],
        [
          false,
          false,
          false,
          false,
          false,
          true,
          false,
          false,
          true,
          false,
          false,
          false
        ],
        [
          false,
          true,
          false,
          false,
          false,
          true,
          false,
          false,
          false,
          true,
          false,
          false
        ],
        [
          false,
          false,
          false,
          false,
          false,
          false,
          false,
          false,
          false,
          false,
          true,
          false
        ],
        [
          false,
          false,
          false,
          false,
          false,
          false,
          false,
          false,
          false,
          false,
          false,
          true
        ]
      ]
    },
    {
      "spread": "IC",
      "prob": 0.75,
      "n_rows": 102000,
      "avg": 0.085743,
      "std": 0.277244,
      "removed": 0,
      "labels": [
        "dir=IN;k=0",
        "dir=IN;k=1",
        "dir=IN;k=4",
        "dir=IN;k=6",
        "dir=OUT;k=0",
        "dir=OUT;k=1",
        "dir=OUT;k=4",
        "dir=OUT;k=6",
        "dir=ALL;k=0",
        "dir=ALL;k=1",
        "dir=ALL;k=4",
        "dir=ALL;k=6"
      ],
      "matrix": [
        [
          1.0,
          -0.015903,
          -0.001173,
          0.000493,
          -0.004615,
          0.002701,
          -0.003858,
          -0.004899,
          -0.009496,
          0.005266,
          -0.000892,
          0.010201
        ],
        [
          -0.015903,
          1.0,
          0.001845,
          -0.012649,
          0.013563,
          0.024451,
          0.003477,
          0.01221,
          0.00632,
          0.102419,
          0.003368,
          -0.00235
        ],
        [
          -0.001173,
          0.001845,
          1.0,
          -0.01291,
          -0.032399,
          0.01998,
          -0.012226,
          -0.003918,
          -0.006439,
          0.007623,
          0.012488,
          0.003319
        ],
        [
          0.000493,
          -0.012649,
          -0.01291,
          1.0,
          0.000188,
          -0.008384,
          0.004996,
          0.010597,
          -0.000504,
          -0.01316,
          0.002759,
          0.004571
        ],
        [
          -0.004615,
          0.013563,
          -0.032399,
          0.000188,
          1.0,
          -0.000696,
          0.002252,
          -0.006492,
          -0.014743,
          -0.006297,
          -7.3e-05,
          -0.012112
        ],
        [
          0.002701,
          0.024451,
          0.01998,
          -0.008384,
          -0.000696,
          1.0,
          0.000478,
          -0.008816,
          0.008272,
          0.084243,
          -0.017863,
          0.004783
        ],
        [
          -0.003858,
          0.003477,
          -0.012226,
          0.004996,
          0.002252,
          0.000478,
          1.0,
          -0.009023,
          0.019096,
          -0.000689,
          -0.02195,
          -0.012057
        ],
        [
          -0.004899,
          0.01221,
          -0.003918,
          0.010597,
          -0.006492,
          -0.008816,
          -0.009023,
          1.0,
          0.012258,
          0.004062,
          -0.009452,
          0.016504
        ],
        [
          -0.009496,
          0.00632,
          -0.006439,
          -0.000504,
          -0.014743,
          0.008272,
          0.019096,
          0.012258,
          1.0,
          0.002458,
          0.020903,
          0.018948
        ],
        [
          0.005266,
          0.102419,
          0.007623,
          -0.01316,
          -0.006297,
          0.084243,
          -0.000689,
          0.004062,
          0.002458,
          1.0,
          -0.005018,
          -0.000192
        ],
        [
          -0.000892,
          0.003368,
          0.012488,
          0.002759,
          -7.3e-05,
          -0.017863,
          -0.02195,
          -0.009452,
          0.020903,
          -0.005018,
          1.0,
          -0.002369
        ],
        [
          0.010201,
          -0.00235,
          0.003319,
          0.004571,
          -0.012112,
          0.004783,
          -0.012057,
          0.016504,
          0.018948,
          -0.000192,
          -0.002369,
          1.0
        ]
      ],
      "significant": [
        [
          true,
          false,
          false,
          false,
          false,
          false,
          false,
          false,
          false,
          false,
          false,
          false
        ],
        [
          false,
          true,
          false,
          false,
          false,
          true,
          false,
          false,
          false,
          true,
          false,
          false
        ],
        [
          false,
          false,
          true,
          false,
          true,
          false,
          false,
          false,
          false,
          false,
          false,
          false
        ],
        [
          false,
          false,
          false,
          true,
          false,
          false,
          false,
          false,
          false,
          false,
          false,
          false
        ],
        [
          false,
          false,
          true,
          false,
          true,
          false,
          false,
          false,
          false,
          false,
          false,
          false
        ],
        [
          false,
          true,
          false,
          false,
          false,
          true,
          false,
          false,
          false,
          true,
          false,
          false
        ],
        [
          false,
          false,
          false,
          false,
          false,
          false,
          true,
          false,
          false,
          false,
          true,
          false
        ],
        [
          false,
          false,
          false,
          false,
          false,
          false,
          false,
          true,
          false,
          false,
          false,
          false
        ],
        [
          false,
          false,
          false,
          false,
          false,
          false,
          false,
          false,
          true,
          false,
          false,
          false
        ],
        [
          false,
          true,
          false,
          false,
          false,
          true,
          false,
          false,
          false,
          true,
          false,
          false
        ],
        [
          false,
          false,
          false,
          false,
          false,
          false,
          true,
          false,
          false,
          false,
          true,
          false
        ],
        [
          false,
          false,
          false,
          false,
          false,
          false,
          false,
          false,
          false,
          false,
          false,
          true
        ]
      ]
    },
    {
      "spread": "IC",
      "prob": 1.0,
      "n_rows": 102000,
      "avg": 0.304786,
      "std": 0.446544,
      "removed": 102,
      "labels": [
        "dir=IN;k=0",
        "dir=IN;k=1",
        "dir=IN;k=4",
        "dir=IN;k=6",
        "dir=OUT;k=0",
        "dir=OUT;k=1",
        "dir=OUT;k=4",
        "dir=OUT;k=6",
        "dir=ALL;k=0",
        "dir=ALL;k=1",
        "dir=ALL;k=4",
        "dir=ALL;k=6"
      ],
      "matrix": [
        [
          1.0,
          0.00397,
          null,
          null,
          0.006197,
          0.029826,
          null,
          null,
          -0.008078,
          -0.010102,
          null,
          null
        ],
        [
          0.00397,
          1.0,
          null,
          null,
          0.016199,
          0.004538,
          null,
          null,
          0.013057,
          0.118958,
          null,
          null
        ],
        [
          null,
          null,
          1.0,
          null,
          null,
          null,
          null,
          null,
          null,
          null,
          null,
          null
        ],
        [
          null,
          null,
          null,
          1.0,
          null,
          null,
          null,
          null,
          null,
          null,
          null,
          null
        ],
        [
          0.006197,
          0.016199,
          null,
          null,
          1.0,
          0.027318,
          null,
          null,
          0.004932,
          0.012368,
          null,
          null
        ],
        [
          0.029826,
          0.004538,
          null,
          null,
          0.027318,
          1.0,
          null,
          null,
          0.018903,
          0.145729,
          null,
          null
        ],
        [
          null,
          null,
          null,
          null,
          null,
          null,
          1.0,
          null,
          null,
          null,
          null,
          null
        ],
        [
          null,
          null,
          null,
          null,
          null,
          null,
          null,
          1.0,
          null,
          null,
          null,
          null
        ],
        [
          -0.008078,
          0.013057,
          null,
          null,
          0.004932,
          0.018903,
          null,
          null,
          1.0,
          0.016695,
          null,
          null
        ],
        [
          -0.010102,
          0.118958,
          null,
          null,
          0.012368,
          0.145729,
          null,
          null,
          0.016695,
          1.0,
          null,
          null
        ],
        [
          null,
          null,
          null,
          null,
          null,
          null,
          null,
          null,
          null,
          null,
          1.0,
          null
        ],
        [
          null,
          null,
          null,
          null,
          null,
          null,
          null,
          null,
          null,
          null,
          null,
          1.0
        ]
      ],
      "significant": [
        [
          true,
          false,
          false,
          false,
          false,
          true,
          false,
          false,
          false,
          false,
          false,
          false
        ],
        [
          false,
          true,
          false,
          false,
          false,
          false,
          false,
          false,
          false,
          true,
          false,
          false
        ],
        [
          false,
          false,
          true,
          false,
          false,
          false,
          false,
          false,
          false,
          false,
          false,
          false
        ],
        [
          false,
          false,
          false,
          true,
          false,
          false,
          false,
          false,
          false,
          false,
          false,
          false
        ],
        [
          false,
          false,
          false,
          false,
          true,
          true,
          false,
          false,
          false,
          false,
          false,
          false
        ],
        [
          true,
          false,
          false,
          false,
          true,
          true,
          false,
          false,
          false,
          true,
          false,
          false
        ],
        [
          false,
          false,
          false,
          false,
          false,
          false,
          true,
          false,
          false,
          false,
          false,
          false
        ],
        [
          false,
          false,
          false,
          false,
          false,
          false,
          false,
          true,
          false,
          false,
          false,
          false
        ],
        [
          false,
          false,
          false,
          false,
          false,
          false,
          false,
          false,
          true,
          false,
          false,
          false
        ],
        [
          false,
          true,
          false,
          false,
          false,
          true,
          false,
          false,
          false,
          true,
          false,
          false
        ],
        [
          false,
          false,
          false,
          false,
          false,
          false,
          false,
          false,
          false,
          false,
          true,
          false
        ],
        [
          false,
          false,
          false,
          false,
          false,
          false,
          false,
          false,
          false,
          false,
          false,
          true
        ]
      ]
    }
  ]
}