{
  "network_id": 17,
  "spread_model": "IC",
  "correlations": [
    {
      "spread": "IC",
      "prob": 0.25,
      "n_rows": 102000,
      "avg": 0.086052,
      "std": 0.276748,
      "removed": 0,
      "labels": [
        "dir=IN;k=0",
        "dir=IN;k=1",
        "dir=IN;k=4",
        "dir=IN;k=6",
        "dir=OUT;k=0",
        "dir=OUT;k=1",
        "dir=OUT;k=4",
        "dir=OUT;k=6",
        "dir=ALL;k=0",
        "dir=ALL;k=1",
        "dir=ALL;k=4",
        "dir=ALL;k=6"
      ],
      "matrix": [
        [
          1.0,
          0.019786,
          -0.019487,
          0.003734,
          -0.006796,
          0.005477,
          0.006751,
          -0.011491,
          -0.010184,
          0.006394,
          0.006531,
          -0.010542
        ],
        [
          0.019786,
          1.0,
          0.000239,
          -0.017166,
          0.000812,
          0.012817,
          0.013351,
          0.001573,
          -0.001046,
          0.030562,
          0.010857,
          0.013909
        ],
        [
          -0.019487,
          0.000239,
          1.0,
          -0.006754,
          -0.024187,
          0.000534,
          -0.000612,
          0.013532,
          -0.001069,
          0.004149,
          0.000694,
          -0.019216
        ],
        [
          0.003734,
          -0.017166,
          -0.006754,
          1.0,
          -0.002662,
          -0.006237,
          -0.003285,
          -0.011255,
          0.007468,
          0.005745,
          0.008122,
          -0.001831
        ],
        [
          -0.006796,
          0.000812,
          -0.024187,
          -0.002662,
          1.0,
          0.010618,
          -0.00637,
          0.001209,
          -0.012114,
          -0.000364,
          0.016944,
          0.004029
        ],
        [
          0.005477,
          0.012817,
          0.000534,
          -0.006237,
          0.010618,
          1.0,
          -0.009778,
          0.013019,
          0.003329,
          0.017932,
          -0.001591,
          -0.005757
        ],
        [
          0.006751,
          0.013351,
          -0.000612,
          -0.003285,
          -0.00637,
          -0.009778,
          1.0,
          -0.001132,
          0.006358,
          0.034493,
          0.012866,
          -0.000361
        ],
        [
          -0.011491,
          0.001573,
          0.013532,
          -0.011255,
          0.001209,
          0.013019,
          -0.001132,
          1.0,
          0.003415,
          0.006206,
          0.024659,
          0.02665
        ],
        [
          -0.010184,
          -0.001046,
          -0.001069,
          0.007468,
          -0.012114,
          0.003329,
          0.006358,
          0.003415,
          1.0,
          -0.003755,
          0.011756,
          0.004102
        ],
        [
          0.006394,
          0.030562,
          0.004149,
          0.005745,
          -0.000364,
          0.017932,
          0.034493,
          0.006206,
          -0.003755,
          1.0,
          0.005095,
          -0.003256
        ],
        [
          0.006531,
          0.010857,
          0.000694,
          0.008122,
          0.016944,
          -0.001591,
          0.012866,
          0.024659,
          0.011756,
          0.005095,
          1.0,
          0.018345
        ],
        [
          -0.010542,
          0.013909,
          -0.019216,
          -0.001831,
          0.004029,
          -0.005757,
          -0.000361,
          0.02665,
          0.004102,
          -0.003256,
          0.018345,
          1.0
        ]
      ],
      "significant": [
        [
          true,
          false,
          false,
          false,
          false,
          false,
          false,
          false,
          false,
          false,
          false,
          false
        ],
        [
          false,
          true,
          false,
          false,
          false,
          false,
          false,
          false,
          false,
          true,
          false,
          false
        ],
        [
          false,
          false,
          true,
          false,
          true,
          false,
          false,
          false,
          false,
          false,
          false,
          false
        ],
        [
          false,
          false,
          false,
          true,
          false,
          false,
          false,
          false,
          false,
          false,
          false,
          false
        ],
        [
          false,
          false,
          true,
          false,
          true,
          false,
          false,
          false,
          false,
          false,
          false,
          false
        ],
        [
          false,
          false,
          false,
          false,
          false,
          true,
          false,
          false,
          false,
          false,
          false,
          false
        ],
        [
          false,
          false,
          false,
          false,
          false,
          false,
          true,
          false,
          false,
          true,
          false,
          false
        ],
        [
          false,
          false,
          false,
          false,
          false,
          false,
          false,
          true,
          false,
          false,
          true,
          true
        ],
        [
          false,
          false,
          false,
          false,
          false,
          false,
          false,
          false,
          true,
          false,
          false,
          false
        ],
        [
          false,
          true,
          false,
          false,
          false,
          false,
          true,
          false,
          false,
          true,
          false,
          false
        ],
        [
          false,
          false,
          false,
          false,
          false,
          false,
          false,
          true,
          false,
          false,
          true,
          false
        ],
        [
          false,
          false,
          false,
          false,
          false,
          false,
          false,
          true,
          false,
          false,
          false,
          true
        ]
      ]
    },
    {
      "spread": "IC",
      "prob": 0.5,
      "n_rows": 102000,
      "avg": 0.083981,
      "std": 0.277425,
      "removed": 0,
      "labels": [
        "dir=IN;k=0",
        "dir=IN;k=1",
        "dir=IN;k=4",
        "dir=IN;k=6",
        "dir=OUT;k=0",
        "dir=OUT;k=1",
        "dir=OUT;k=4",
        "dir=OUT;k=6",
        "dir=ALL;k=0",
        "dir=ALL;k=1",
        "dir=ALL;k=4",
        "dir=ALL;k=6"
      ],
      "matrix": [
        [
          1.0,
          -0.003278,
          -0.008187,
          0.003014,
          -0.011736,
          -0.0102,
          -0.000568,
          -0.010074,
          0.009038,
          0.008263,
          0.003717,
          -0.009084
        ],
        [
          -0.003278,
          1.0,
          0.020671,
          0.009929,
          -0.003306,
          -0.013322,
          0.012621,
          -0.004135,
          -0.010279,
          0.044028,
          -0.003797,
          0.001437
        ],
        [
          -0.008187,
          0.020671,
          1.0,
          0.009283,
          -0.006704,
          -0.011943,
          -0.027048,
          -0.022531,
          -0.002468,
          0.012385,
          -0.012918,
          0.011746
        ],
        [
          0.003014,
          0.009929,
          0.009283,
          1.0,
          -0.006906,
          -0.003929,
          0.00512,
          -0.006316,
          0.000941,
          -0.027147,
          0.001874,
          -0.002781
        ],
        [
          -0.011736,
          -0.003306,
          -0.006704,
          -0.006906,
          1.0,
          -0.001072,
          -0.006962,
          0.011231,
          -0.014401,
          0.009013,
          -0.006561,
          0.004643
        ],
        [
          -0.0102,
          -0.013322,
          -0.011943,
          -0.003929,
          -0.001072,
          1.0,
          0.001702,
          -0.004691,
          0.013751,
          0.03064,
          0.004657,
          0.011047
        ],
        [
          -0.000568,
          0.012621,
          -0.027048,
          0.00512,
          -0.006962,
          0.001702,
          1.0,
          0.004444,
          -0.004861,
          -0.020776,
          -0.003219,
          -0.000119
        ],
        [
          -0.010074,
          -0.004135,
          -0.022531,
          -0.006316,
          0.011231,
          -0.004691,
          0.004444,
          1.0,
          -0.005822,
          0.004892,
          0.025502,
          0.010718
        ],
        [
          0.009038,
          -0.010279,
          -0.002468,
          0.000941,
          -0.014401,
          0.013751,
          -0.004861,
          -0.005822,
          1.0,
          -0.003381,
          0.030417,
          0.011608
        ],
        [
          0.008263,
          0.044028,
          0.012385,
          -0.027147,
          0.009013,
          0.03064,
          -0.020776,
          0.004892,
          -0.003381,
          1.0,
          0.008032,
          0.000926
        ],
        [
          0.003717,
          -0.003797,
          -0.012918,
          0.001874,
          -0.006561,
          0.004657,
          -0.003219,
          0.025502,
          0.030417,
          0.008032,
          1.0,
          -0.000142
        ],
        [
          -0.009084,
          0.001437,
          0.011746,
          -0.002781,
          0.004643,
          0.011047,
          -0.000119,
          0.010718,
          0.011608,
          0.000926,
          -0.000142,
          1.0
        ]
      ],
      "significant": [
        [
          true,
          false,
          false,
          false,
          false,
          false,
          false,
          false,
          false,
          false,
          false,
          false
        ],
        [
          false,
          true,
          false,
          false,
          false,
          false,
          false,
          false,
          false,
          true,
          false,
          false
        ],
        [
          false,
          false,
          true,
          false,
          false,
          false,
          true,
          true,
          false,
          false,
          false,
          false
        ],
        [
          false,
          false,
          false,
          true,
          false,
          false,
          false,
          false,
          false,
          true,
          false,
          false
        ],
        [
          false,
          false,
          false,
          false,
          true,
          false,
          false,
          false,
          false,
          false,
          false,
          false
        ],
        [
          false,
          false,
          false,
          false,
          false,
          true,
          false,
          false,
          false,
          true,
          false,
          false
        ],
        [
          false,
          false,
          true,
          false,
          false,
          false,
          true,
          false,
          false,
          false,
          false,
          false
        ],
        [
          false,
          false,
          true,
          false,
          false,
          false,
          false,
          true,
          false,
          false,
          true,
          false
        ],
        [
          false,
          false,
          false,
          false,
          false,
          false,
          false,
          false,
          true,
          false,
          true,
          false
        ],
        [
          false,
          true,
          false,
          true,
          false,
          true,
          false,
          false,
          false,
          true,
          false,
          false
        ],
        [
          false,
          false,
          false,
          false,
          false,
          false,
          false,
          true,
          true,
          false,
          true,
          false
        ],
        [
          false,
          false,
          false,
          false,
          false,
          false,
          false,
          false,
          false,
          false,
          false,
          true
        ]
      ]
    },
    {
      "spread": "IC",
      "prob": 0.75,
      "n_rows": 102000,
      "avg": 0.086225,
      "std": 0.277022,
      "removed": 0,
      "labels": [
        "dir=IN;k=0",
        "dir=IN;k=1",
        "dir=IN;k=4",
        "dir=IN;k=6",
        "dir=OUT;k=0",
        "dir=OUT;k=1",
        "dir=OUT;k=4",
        "dir=OUT;k=6",
        "dir=ALL;k=0",
        "dir=ALL;k=1",
        "dir=ALL;k=4",
        "dir=ALL;k=6"
      ],
      "matrix": [
        [
          1.0,
          0.017396,
          -0.012536,
          -0.00302,
          -0.002047,
          0.012847,
          -0.009665,
          -0.005107,
          0.012251,
          0.000832,
          -0.012173,
          -0.005387
        ],
        [
          0.017396,
          1.0,
          -0.005393,
          0.005524,
          -0.001067,
          -0.008057,
          0.016002,
          0.010703,
          -0.009967,
          0.083467,
          0.005527,
          0.006695
        ],
        [
          -0.012536,
          -0.005393,
          1.0,
          0.008058,
          0.011196,
          0.000682,
          0.013911,
          0.000288,
          0.009604,
          0.013989,
          -0.000755,
          -0.023092
        ],
        [
          -0.00302,
          0.005524,
          0.008058,
          1.0,
          -0.009995,
          0.003788,
          -0.023547,
          -0.011442,
          0.00386,
          0.001209,
          0.011427,
          -0.011548
        ],
        [
          -0.002047,
          -0.001067,
          0.011196,
          -0.009995,
          1.0,
          0.008434,
          -0.001399,
          -0.009291,
          -0.010815,
          -0.001495,
          0.032387,
          0.010594
        ],
        [
          0.012847,
          -0.008057,
          0.000682,
          0.003788,
          0.008434,
          1.0,
          0.013179,
          -0.016381,
          0.01326,
          0.086929,
          -0.001195,
          0.017736
        ],
        [
          -0.009665,
          0.016002,
          0.013911,
          -0.023547,
          -0.001399,
          0.013179,
          1.0,
          -0.007313,
          -0.001955,
          -0.012836,
          0.00011,
          -0.010666
        ],
        [
          -0.005107,
          0.010703,
          0.000288,
          -0.011442,
          -0.009291,
          -0.016381,
          -0.007313,
          1.0,
          0.015168,
          -0.005201,
          -0.009039,
          0.010505
        ],
        [
          0.012251,
          -0.009967,
          0.009604,
          0.00386,
          -0.010815,
          0.01326,
          -0.001955,
          0.015168,
          1.0,
          0.014588,
          0.005107,
          0.003133
        ],
        [
          0.000832,
          0.083467,
          0.013989,
          0.001209,
          -0.001495,
          0.086929,
          -0.012836,
          -0.005201,
          0.014588,
          1.0,
          -0.006584,
          -0.014847
        ],
        [
          -0.012173,
          0.005527,
          -0.000755,
          0.011427,
          0.032387,
          -0.001195,
          0.00011,
          -0.009039,
          0.005107,
          -0.006584,
          1.0,
          -0.008347
        ],
        [
          -0.005387,
          0.006695,
          -0.023092,
          -0.011548,
          0.010594,
          0.017736,
          -0.010666,
          0.010505,
          0.003133,
          -0.014847,
          -0.008347,
          1.0
        ]
      ],
      "significant": [
        [
          true,
          false,
          false,
          false,
          false,
          false,
          false,
          false,
          false,
          false,
          false,
          false
        ],
        [
          false,
          true,
          false,
          false,
          false,
          false,
          false,
          false,
          false,
          true,
          false,
          false
        ],
        [
          false,
          false,
          true,
          false,
          false,
          false,
          false,
          false,
          false,
          false,
          false,
          true
        ],
        [
          false,
          false,
          false,
          true,
          false,
          false,
          true,
          false,
          false,
          false,
          false,
          false
        ],
        [
          false,
          false,
          false,
          false,
          true,
          false,
          false,
          false,
          false,
          false,
          true,
          false
        ],
        [
          false,
          false,
          false,
          false,
          false,
          true,
          false,
          false,
          false,
          true,
          false,
          false
        ],
        [
          false,
          false,
          false,
          true,
          false,
          false,
          true,
          false,
          false,
          false,
          false,
          false
        ],
        [
          false,
          false,
          false,
          false,
          false,
          false,
          false,
          true,
          false,
          false,
          false,
          false
        ],
        [
          false,
          false,
          false,
          false,
          false,
          false,
          false,
          false,
          true,
          false,
          false,
          false
        ],
        [
          false,
          true,
          false,
          false,
          false,
          true,
          false,
          false,
          false,
          true,
          false,
          false
        ],
        [
          false,
          false,
          false,
          false,
          true,
          false,
          false,
          false,
          false,
          false,
          true,
          false
        ],
        [
          false,
          false,
          true,
          false,
          false,
          false,
          false,
          false,
          false,
          false,
          false,
          true
        ]
      ]
    },
    {
      "spread": "IC",
      "prob": 1.0,
      "n_rows": 102000,
      "avg": 0.190346,
      "std": 0.378782,
      "removed": 76,
      "labels": [
        "dir=IN;k=0",
        "dir=IN;k=1",
        "dir=IN;k=4",
        "dir=IN;k=6",
        "dir=OUT;k=0",
        "dir=OUT;k=1",
        "dir=OUT;k=4",
        "dir=OUT;k=6",
        "dir=ALL;k=0",
        "dir=ALL;k=1",
        "dir=ALL;k=4",
        "dir=ALL;k=6"
      ],
      "matrix": [
        [
          1.0,
          0.000783,
          0.012137,
          null,
          0.016993,
          0.014635,
          -0.001586,
          null,
          -6.1e-05,
          0.020811,
          null,
          null
        ],
        [
          0.000783,
          1.0,
          0.018786,
          null,
          -0.005243,
          0.002344,
          0.018777,
          null,
          -0.000635,
          0.135767,
          null,
          null
        ],
        [
          0.012137,
          0.018786,
          1.0,
          null,
          0.012142,
          0.018777,
          -0.000118,
          null,
          0.012223,
          0.018781,
          null,
          null
        ],
        [
          null,
          null,
          null,
          1.0,
          null,
          null,
          null,
          null,
          null,
          null,
          null,
          null
        ],
        [
          0.016993,
          -0.005243,
          0.012142,
          null,
          1.0,
          -0.005872,
          -0.001846,
          null,
          0.010367,
          0.011056,
          null,
          null
        ],
        [
          0.014635,
          0.002344,
          0.018777,
          null,
          -0.005872,
          1.0,
          0.018781,
          null,
          -0.007608,
          0.126357,
          null,
          null
        ],
        [
          -0.001586,
          0.018777,
          -0.000118,
          null,
          -0.001846,
          0.018781,
          1.0,
          null,
          -0.001808,
          0.018777,
          null,
          null
        ],
        [
          null,
          null,
          null,
          null,
          null,
          null,
          null,
          1.0,
          null,
          null,
          null,
          null
        ],
        [
          -6.1e-05,
          -0.000635,
          0.012223,
          null,
          0.010367,
          -0.007608,
          -0.001808,
          null,
          1.0,
          0.008253,
          null,
          null
        ],
        [
          0.020811,
          0.135767,
          0.018781,
          null,
          0.011056,
          0.126357,
          0.018777,
          null,
          0.008253,
          1.0,
          null,
          null
        ],
        [
          null,
          null,
          null,
          null,
          null,
          null,
          null,
          null,
          null,
          null,
          1.0,
          null
        ],
        [
          null,
          null,
          null,
          null,
          null,
          null,
          null,
          null,
          null,
          null,
          null,
          1.0
        ]
      ],
      "significant": [
        [
          true,
          false,
          false,
          false,
          false,
          false,
          false,
          false,
          false,
          false,
          false,
          false
        ],
        [
          false,
          true,
          false,
          false,
          false,
          false,
          false,
          false,
          false,
          true,
          false,
          false
        ],
        [
          false,
          false,
          true,
          false,
          false,
          false,
          false,
          false,
          false,
          false,
          false,
          false
        ],
        [
          false,
          false,
          false,
          true,
          false,
          false,
          false,
          false,
          false,
          false,
          false,
          false
        ],
        [
          false,
          false,
          false,
          false,
          true,
          false,
          false,
          false,
          false,
          false,
          false,
          false
        ],
        [
          false,
          false,
          false,
          false,
          false,
          true,
          false,
          false,
          false,
          true,
          false,
          false
        ],
        [
          false,
          false,
          false,
          false,
          false,
          false,
          true,
          false,
          false,
          false,
          false,
          false
        ],
        [
          false,
          false,
          false,
          false,
          false,
          false,
          false,
          true,
          false,
          false,
          false,
          false
        ],
        [
          false,
          false,
          false,
          false,
          false,
          false,
          false,
          false,
          true,
          false,
          false,
          false
        ],
        [
          false,
          true,
          false,
          false,
          false,
          true,
          false,
          false,
          false,
          true,
          false,
          false
        ],
        [
          false,
          false,
          false,
          false,
          false,
          false,
          false,
          false,
          false,
          false,
          true,
          false
        ],
        [
          false,
          false,
          false,
          false,
          false,
          false,
          false,
          false,
          false,
          false,
          false,
          true
        ]
      ]
    }
  ]
}