{
  "network_id": 18,
  "spread_model": "IC",
  "correlations": [
    {
      "spread": "IC",
      "prob": 0.25,
      "n_rows": 102000,
      "avg": 0.084572,
      "std": 0.277197,
      "removed": 0,
      "labels": [
        "dir=IN;k=0",
        "dir=IN;k=1",
        "dir=IN;k=4",
        "dir=IN;k=6",
        "dir=OUT;k=0",
        "dir=OUT;k=1",
        "dir=OUT;k=4",
        "dir=OUT;k=6",
        "dir=ALL;k=0",
        "dir=ALL;k=1",
        "dir=ALL;k=4",
        "dir=ALL;k=6"
      ],
      "matrix": [
        [
          1.0,
          -0.008366,
          -0.014916,
          -0.016676,
          0.002399,
          0.006742,
          0.011221,
          0.011032,
          -0.014491,
          -0.000108,
          0.009378,
          0.005426
        ],
        [
          -0.008366,
          1.0,
          -0.004799,
          -0.019902,
          -0.016387,
          0.026782,
          -0.003447,
          -0.006169,
          -0.002848,
          0.009796,
          0.004817,
          0.017511
        ],
        [
          -0.014916,
          -0.004799,
          1.0,
          -0.005083,
          -0.002429,
          -0.000633,
          -0.002698,
          0.009282,
          -0.006134,
          0.011127,
          0.011822,
          0.001329
        ],
        [
          -0.016676,
          -0.019902,
          -0.005083,
          1.0,
          -0.007477,
          0.005276,
          0.014222,
          -0.007562,
          0.010803,
          0.002865,
          0.025596,
          0.003679
        ],
        [
          0.002399,
          -0.016387,
          -0.002429,
          -0.007477,
          1.0,
          0.000216,
          0.003753,
          -0.008052,
          -0.003347,
          0.010415,
          0.010625,
          0.004498
        ],
        [
          0.006742,
          0.026782,
          -0.000633,
          0.005276,
          0.000216,
          1.0,
          -0.008547,
          0.013855,
          0.013817,
          0.025973,
          0.002583,
          0.007697
        ],
        [
          0.011221,
          -0.003447,
          -0.002698,
          0.014222,
          0.003753,
          -0.008547,
          1.0,
          0.017009,
          0.001678,
          -0.010724,
          0.006046,
          -0.006068
        ],
        [
          0.011032,
          -0.006169,
          0.009282,
          -0.007562,
          -0.008052,
          0.013855,
          0.017009,
          1.0,
          0.018801,
          0.012838,
          -0.021885,
          -0.002838
        ],
        [
          -0.014491,
          -0.002848,
          -0.006134,
          0.010803,
          -0.003347,
          0.013817,
          0.001678,
          0.018801,
          1.0,
          -0.008272,
          0.002337,
          -0.010234
        ],
        [
          -0.000108,
          0.009796,
          0.011127,
          0.002865,
          0.010415,
          0.025973,
          -0.010724,
          0.012838,
          -0.008272,
          1.0,
          0.001433,
          -0.019481
        ],
        [
          0.009378,
          0.004817,
          0.011822,
          0.025596,
          0.010625,
          0.002583,
          0.006046,
          -0.021885,
          0.002337,
          0.001433,
          1.0,
          -0.025909
        ],
        [
          0.005426,
          0.017511,
          0.001329,
          0.003679,
          0.004498,
          0.007697,
          -0.006068,
          -0.002838,
          -0.010234,
          -0.019481,
          -0.025909,
          1.0
        ]
      ],
      "significant": [
        [
          true,
          false,
          false,
          false,
          false,
          false,
          false,
          false,
          false,
          false,
          false,
          false
        ],
        [
          false,
          true,
          false,
          false,
          false,
          true,
          false,
          false,
          false,
          false,
          false,
          false
        ],
        [
          false,
          false,
          true,
          false,
          false,
          false,
          false,
          false,
          false,
          false,
          false,
          false
        ],
        [
          false,
          false,
          false,
          true,
          false,
          false,
          false,
          false,
          false,
          false,
          true,
          false
        ],
        [
          false,
          false,
          false,
          false,
          true,
          false,
          false,
          false,
          false,
          false,
          false,
          false
        ],
        [
          false,
          true,
          false,
          false,
          false,
          true,
          false,
          false,
          false,
          true,
          false,
          false
        ],
        [
          false,
          false,
          false,
          false,
          false,
          false,
          true,
          false,
          false,
          false,
          false,
          false
        ],
        [
          false,
          false,
          false,
          false,
          false,
          false,
          false,
          true,
          false,
          false,
          true,
          false
        ],
        [
          false,
          false,
          false,
          false,
          false,
          false,
          false,
          false,
          true,
          false,
          false,
          false
        ],
        [
          false,
          false,
          false,
          false,
          false,
          true,
          false,
          false,
          false,
          true,
          false,
          false
        ],
        [
          false,
          false,
          false,
          true,
          false,
          false,
          false,
          true,
          false,
          false,
          true,
          true
        ],
        [
          false,
          false,
          false,
          false,
          false,
          false,
          false,
          false,
          false,
          false,
          true,
          true
        ]
      ]
    },
    {
      "spread": "IC",
      "prob": 0.5,
      "n_rows": 102000,
      "avg": 0.086328,
      "std": 0.276719,
      "removed": 0,
      "labels": [
        "dir=IN;k=0",
        "dir=IN;k=1",
        "dir=IN;k=4",
        "dir=IN;k=6",
        "dir=OUT;k=0",
        "dir=OUT;k=1",
        "dir=OUT;k=4",
        "dir=OUT;k=6",
        "dir=ALL;k=0",
        "dir=ALL;k=1",
        "dir=ALL;k=4",
        "dir=ALL;k=6"
      ],
      "matrix": [
        [
          1.0,
          -0.013984,
          0.029248,
          0.002239,
          0.00038,
          0.000796,
          -0.002706,
          0.001065,
          0.026491,
          0.002855,
          0.005039,
          0.003671
        ],
        [
          -0.013984,
          1.0,
          -0.009851,
          -0.020493,
          0.011047,
          0.008883,
          -0.006909,
          -0.009674,
          -0.004335,
          0.043137,
          0.008181,
          -0.002567
        ],
        [
          0.029248,
          -0.009851,
          1.0,
          -0.00158,
          0.008227,
          0.017078,
          0.019367,
          0.006535,
          0.013186,
          -0.00143,
          0.005909,
          -0.008974
        ],
        [
          0.002239,
          -0.020493,
          -0.00158,
          1.0,
          0.007306,
          0.019806,
          0.001772,
          -0.003851,
          0.007492,
          -0.006787,
          -0.002368,
          -0.007737
        ],
        [
          0.00038,
          0.011047,
          0.008227,
          0.007306,
          1.0,
          -0.011644,
          -0.006011,
          0.026024,
          0.001993,
          -0.00249,
          0.001518,
          -0.009477
        ],
        [
          0.000796,
          0.008883,
          0.017078,
          0.019806,
          -0.011644,
          1.0,
          0.009337,
          -0.002458,
          -0.004187,
          0.045335,
          0.001618,
          0.008503
        ],
        [
          -0.002706,
          -0.006909,
          0.019367,
          0.001772,
          -0.006011,
          0.009337,
          1.0,
          -0.002799,
          -0.00611,
          0.007474,
          -0.007567,
          -0.017354
        ],
        [
          0.001065,
          -0.009674,
          0.006535,
          -0.003851,
          0.026024,
          -0.002458,
          -0.002799,
          1.0,
          0.027723,
          -0.003025,
          0.013377,
          0.004904
        ],
        [
          0.026491,
          -0.004335,
          0.013186,
          0.007492,
          0.001993,
          -0.004187,
          -0.00611,
          0.027723,
          1.0,
          0.012338,
          0.009435,
          -0.015635
        ],
        [
          0.002855,
          0.043137,
          -0.00143,
          -0.006787,
          -0.00249,
          0.045335,
          0.007474,
          -0.003025,
          0.012338,
          1.0,
          0.001899,
          -0.0024
        ],
        [
          0.005039,
          0.008181,
          0.005909,
          -0.002368,
          0.001518,
          0.001618,
          -0.007567,
          0.013377,
          0.009435,
          0.001899,
          1.0,
          -0.011143
        ],
        [
          0.003671,
          -0.002567,
          -0.008974,
          -0.007737,
          -0.009477,
          0.008503,
          -0.017354,
          0.004904,
          -0.015635,
          -0.0024,
          -0.011143,
          1.0
        ]
      ],
      "significant": [
        [
          true,
          false,
          true,
          false,
          false,
          false,
          false,
          false,
          true,
          false,
          false,
          false
        ],
        [
          false,
          true,
          false,
          false,
          false,
          false,
          false,
          false,
          false,
          true,
          false,
          false
        ],
        [
          true,
          false,
          true,
          false,
          false,
          false,
          false,
          false,
          false,
          false,
          false,
          false
        ],
        [
          false,
          false,
          false,
          true,
          false,
          false,
          false,
          false,
          false,
          false,
          false,
          false
        ],
        [
          false,
          false,
          false,
          false,
          true,
          false,
          false,
          true,
          false,
          false,
          false,
          false
        ],
        [
          false,
          false,
          false,
          false,
          false,
          true,
          false,
          false,
          false,
          true,
          false,
          false
        ],
        [
          false,
          false,
          false,
          false,
          false,
          false,
          true,
          false,
          false,
          false,
          false,
          false
        ],
        [
          false,
          false,
          false,
          false,
          true,
          false,
          false,
          true,
          true,
          false,
          false,
          false
        ],
        [
          true,
          false,
          false,
          false,
          false,
          false,
          false,
          true,
          true,
          false,
          false,
          false
        ],
        [
          false,
          true,
          false,
          false,
          false,
          true,
          false,
          false,
          false,
          true,
          false,
          false
        ],
        [
          false,
          false,
          false,
          false,
          false,
          false,
          false,
          false,
          false,
          false,
          true,
          false
        ],
        [
          false,
          false,
          false,
          false,
          false,
          false,
          false,
          false,
          false,
          false,
          false,
          true
        ]
      ]
    },
    {
      "spread": "IC",
      "prob": 0.75,
      "n_rows": 102000,
      "avg": 0.089062,
      "std": 0.276073,
      "removed": 0,
      "labels": [
        "dir=IN;k=0",
        "dir=IN;k=1",
        "dir=IN;k=4",
        "dir=IN;k=6",
        "dir=OUT;k=0",
        "dir=OUT;k=1",
        "dir=OUT;k=4",
        "dir=OUT;k=6",
        "dir=ALL;k=0",
        "dir=ALL;k=1",
        "dir=ALL;k=4",
        "dir=ALL;k=6"
      ],
      "matrix": [
        [
          1.0,
          0.012023,
          -0.013861,
          0.002987,
          0.006004,
          0.019351,
          0.007127,
          0.014587,
          0.009047,
          -0.000673,
          0.004951,
          -0.00534
        ],
        [
          0.012023,
          1.0,
          0.014186,
          0.008025,
          0.010017,
          0.016203,
          0.010261,
          0.000119,
          -0.004498,
          0.094053,
          -0.008561,
          0.012417
        ],
        [
          -0.013861,
          0.014186,
          1.0,
          -0.004226,
          -0.007752,
          -0.005395,
          0.009386,
          0.011291,
          0.023143,
          -0.003993,
          0.013479,
          0.012247
        ],
        [
          0.002987,
          0.008025,
          -0.004226,
          1.0,
          0.005063,
          0.003705,
          -0.012061,
          0.007368,
          -0.008446,
          -0.003858,
          0.001944,
          -0.009061
        ],
        [
          0.006004,
          0.010017,
          -0.007752,
          0.005063,
          1.0,
          0.00716,
          -0.005904,
          -0.000424,
          0.005776,
          -0.015412,
          -0.019001,
          0.008052
        ],
        [
          0.019351,
          0.016203,
          -0.005395,
          0.003705,
          0.00716,
          1.0,
          0.006249,
          -0.006174,
          0.003756,
          0.076779,
          0.017055,
          0.004516
        ],
        [
          0.007127,
          0.010261,
          0.009386,
          -0.012061,
          -0.005904,
          0.006249,
          1.0,
          0.005053,
          0.011382,
          0.008147,
          0.00082,
          0.006648
        ],
        [
          0.014587,
          0.000119,
          0.011291,
          0.007368,
          -0.000424,
          -0.006174,
          0.005053,
          1.0,
          0.000352,
          0.009382,
          -0.000691,
          0.011972
        ],
        [
          0.009047,
          -0.004498,
          0.023143,
          -0.008446,
          0.005776,
          0.003756,
          0.011382,
          0.000352,
          1.0,
          0.007703,
          0.008306,
          0.007518
        ],
        [
          -0.000673,
          0.094053,
          -0.003993,
          -0.003858,
          -0.015412,
          0.076779,
          0.008147,
          0.009382,
          0.007703,
          1.0,
          0.006275,
          -0.006425
        ],
        [
          0.004951,
          -0.008561,
          0.013479,
          0.001944,
          -0.019001,
          0.017055,
          0.00082,
          -0.000691,
          0.008306,
          0.006275,
          1.0,
          0.012372
        ],
        [
          -0.00534,
          0.012417,
          0.012247,
          -0.009061,
          0.008052,
          0.004516,
          0.006648,
          0.011972,
          0.007518,
          -0.006425,
          0.012372,
          1.0
        ]
      ],
      "significant": [
        [
          true,
          false,
          false,
          false,
          false,
          false,
          false,
          false,
          false,
          false,
          false,
          false
        ],
        [
          false,
          true,
          false,
          false,
          false,
          false,
          false,
          false,
          false,
          true,
          false,
          false
        ],
        [
          false,
          false,
          true,
          false,
          false,
          false,
          false,
          false,
          true,
          false,
          false,
          false
        ],
        [
          false,
          false,
          false,
          true,
          false,
          false,
          false,
          false,
          false,
          false,
          false,
          false
        ],
        [
          false,
          false,
          false,
          false,
          true,
          false,
          false,
          false,
          false,
          false,
          false,
          false
        ],
        [
          false,
          false,
          false,
          false,
          false,
          true,
          false,
          false,
          false,
          true,
          false,
          false
        ],
        [
          false,
          false,
          false,
          false,
          false,
          false,
          true,
          false,
          false,
          false,
          false,
          false
        ],
        [
          false,
          false,
          false,
          false,
          false,
          false,
          false,
          true,
          false,
          false,
          false,
          false
        ],
        [
          false,
          false,
          true,
          false,
          false,
          false,
          false,
          false,
          true,
          false,
          false,
          false
        ],
        [
          false,
          true,
          false,
          false,
          false,
          true,
          false,
          false,
          false,
          true,
          false,
          false
        ],
        [
          false,
          false,
          false,
          false,
          false,
          false,
          false,
          false,
          false,
          false,
          true,
          false
        ],
        [
          false,
          false,
          false,
          false,
          false,
          false,
          false,
          false,
          false,
          false,
          false,
          true
        ]
      ]
    },
    {
      "spread": "IC",
      "prob": 1.0,
      "n_rows": 102000,
      "avg": 0.16573,
      "std": 0.331002,
      "removed": 22,
      "labels": [
        "dir=IN;k=0",
        "dir=IN;k=1",
        "dir=IN;k=4",
        "dir=IN;k=6",
        "dir=OUT;k=0",
        "dir=OUT;k=1",
        "dir=OUT;k=4",
        "dir=OUT;k=6",
        "dir=ALL;k=0",
        "dir=ALL;k=1",
        "dir=ALL;k=4",
        "dir=ALL;k=6"
      ],
      "matrix": [
        [
          1.0,
          -0.006192,
          0.004607,
          0.010294,
          -0.011083,
          0.01692,
          -0.008752,
          -0.008591,
          0.013709,
          0.013804,
          -0.003784,
          null
        ],
        [
          -0.006192,
          1.0,
          0.037565,
          0.026565,
          -0.013599,
          0.007767,
          0.037547,
          0.02654,
          -0.006191,
          0.127765,
          0.026553,
          null
        ],
        [
          0.004607,
          0.037565,
          1.0,
          0.70719,
          0.005006,
          0.037565,
          0.499617,
          -0.000333,
          0.004066,
          0.037565,
          0.706857,
          null
        ],
        [
          0.010294,
          0.026565,
          0.70719,
          1.0,
          0.010544,
          0.026565,
          -0.000333,
          -0.000235,
          0.010173,
          0.026564,
          -0.000235,
          null
        ],
        [
          -0.011083,
          -0.013599,
          0.005006,
          0.010544,
          1.0,
          0.04282,
          -0.008333,
          -0.008315,
          -0.010713,
          0.005194,
          -0.003468,
          null
        ],
        [
          0.01692,
          0.007767,
          0.037565,
          0.026565,
          0.04282,
          1.0,
          0.037547,
          0.02654,
          0.015558,
          0.139429,
          0.026553,
          null
        ],
        [
          -0.008752,
          0.037547,
          0.499617,
          -0.000333,
          -0.008333,
          0.037547,
          1.0,
          0.707065,
          -0.009633,
          0.037548,
          0.706982,
          null
        ],
        [
          -0.008591,
          0.02654,
          -0.000333,
          -0.000235,
          -0.008315,
          0.02654,
          0.707065,
          1.0,
          -0.009193,
          0.02654,
          -0.000235,
          null
        ],
        [
          0.013709,
          -0.006191,
          0.004066,
          0.010173,
          -0.010713,
          0.015558,
          -0.009633,
          -0.009193,
          1.0,
          0.003497,
          -0.004428,
          null
        ],
        [
          0.013804,
          0.127765,
          0.037565,
          0.026564,
          0.005194,
          0.139429,
          0.037548,
          0.02654,
          0.003497,
          1.0,
          0.026555,
          null
        ],
        [
          -0.003784,
          0.026553,
          0.706857,
          -0.000235,
          -0.003468,
          0.026553,
          0.706982,
          -0.000235,
          -0.004428,
          0.026555,
          1.0,
          null
        ],
        [
          null,
          null,
          null,
          null,
          null,
          null,
          null,
          null,
          null,
          null,
          null,
          1.0
        ]
      ],
      "significant": [
        [
          true,
          false,
          false,
          false,
          false,
          false,
          false,
          false,
          false,
          false,
          false,
          false
        ],
        [
          false,
          true,
          true,
          true,
          false,
          false,
          true,
          true,
          false,
          true,
          true,
          false
        ],
        [
          false,
          true,
          true,
          true,
          false,
          true,
          true,
          false,
          false,
          true,
          true,
          false
        ],
        [
          false,
          true,
          true,
          true,
          false,
          true,
          false,
          false,
          false,
          true,
          false,
          false
        ],
        [
          false,
          false,
          false,
          false,
          true,
          true,
          false,
          false,
          false,
          false,
          false,
          false
        ],
        [
          false,
          false,
          true,
          true,
          true,
          true,
          true,
          true,
          false,
          true,
          true,
          false
        ],
        [
          false,
          true,
          true,
          false,
          false,
          true,
          true,
          true,
          false,
          true,
          true,
          false
        ],
        [
          false,
          true,
          false,
          false,
          false,
          true,
          true,
          true,
          false,
          true,
          false,
          false
        ],
        [
          false,
          false,
          false,
          false,
          false,
          false,
          false,
          false,
          true,
          false,
          false,
          false
        ],
        [
          false,
          true,
          true,
          true,
          false,
          true,
          true,
          true,
          false,
          true,
          true,
          false
        ],
        [
          false,
          true,
          true,
          false,
          false,
          true,
          true,
          false,
          false,
          true,
          true,
          false
        ],
        [
          false,
          false,
          false,
          false,
          false,
          false,
          false,
          false,
          false,
          false,
          false,
          true
        ]
      ]
    }
  ]
}