{
  "network_id": 19,
  "spread_model": "IC",
  "correlations": [
    {
      "spread": "IC",
      "prob": 0.25,
      "n_rows": 144000,
      "avg": 0.094833,
      "std": 0.274267,
      "removed": 0,
      "labels": [
        "dir=IN;k=0",
        "dir=IN;k=1",
        "dir=IN;k=4",
        "dir=IN;k=6",
        "dir=OUT;k=0",
        "dir=OUT;k=1",
        "dir=OUT;k=4",
        "dir=OUT;k=6",
        "dir=ALL;k=0",
        "dir=ALL;k=1",
        "dir=ALL;k=4",
        "dir=ALL;k=6"
      ],
      "matrix": [
        [
          1.0,
          0.000186,
          0.000621,
          0.006668,
          0.044058,
          0.045609,
          -0.000558,
          0.009686,
          0.046986,
          0.021983,
          -0.003857,
          -0.015662
        ],
        [
          0.000186,
          1.0,
          -7.3e-05,
          0.021282,
          0.009605,
          0.009368,
          0.021585,
          0.006512,
          0.005024,
          0.024318,
          0.006779,
          0.004092
        ],
        [
          0.000621,
          -7.3e-05,
          1.0,
          0.002137,
          0.006389,
          0.015455,
          0.01286,
          -0.006948,
          0.018935,
          0.016844,
          -0.000347,
          -0.001519
        ],
        [
          0.006668,
          0.021282,
          0.002137,
          1.0,
          -0.000618,
          0.008822,
          0.010047,
          0.005219,
          0.021865,
          0.01986,
          0.014997,
          0.008721
        ],
        [
          0.044058,
          0.009605,
          0.006389,
          -0.000618,
          1.0,
          0.050595,
          -0.003257,
          -0.011833,
          0.030374,
          0.02848,
          0.003324,
          -0.00284
        ],
        [
          0.045609,
          0.009368,
          0.015455,
          0.008822,
          0.050595,
          1.0,
          0.012258,
          0.025848,
          0.050447,
          0.048679,
          0.001131,
          0.021089
        ],
        [
          -0.000558,
          0.021585,
          0.01286,
          0.010047,
          -0.003257,
          0.012258,
          1.0,
          0.004748,
          0.010839,
          0.003291,
          0.012684,
          0.018454
        ],
        [
          0.009686,
          0.006512,
          -0.006948,
          0.005219,
          -0.011833,
          0.025848,
          0.004748,
          1.0,
          0.005362,
          -0.001386,
          0.026528,
          0.018561
        ],
        [
          0.046986,
          0.005024,
          0.018935,
          0.021865,
          0.030374,
          0.050447,
          0.010839,
          0.005362,
          1.0,
          0.036957,
          -0.006479,
          -0.000322
        ],
        [
          0.021983,
          0.024318,
          0.016844,
          0.01986,
          0.02848,
          0.048679,
          0.003291,
          -0.001386,
          0.036957,
          1.0,
          0.02294,
          -0.006388
        ],
        [
          -0.003857,
          0.006779,
          -0.000347,
          0.014997,
          0.003324,
          0.001131,
          0.012684,
          0.026528,
          -0.006479,
          0.02294,
          1.0,
          0.010979
        ],
        [
          -0.015662,
          0.004092,
          -0.001519,
          0.008721,
          -0.00284,
          0.021089,
          0.018454,
          0.018561,
          -0.000322,
          -0.006388,
          0.010979,
          1.0
        ]
      ],
      "significant": [
        [
          true,
          false,
          false,
          false,
          true,
          true,
          false,
          false,
          true,
          true,
          false,
          false
        ],
        [
          false,
          true,
          false,
          true,
          false,
          false,
          true,
          false,
          false,
          true,
          false,
          false
        ],
        [
          false,
          false,
          true,
          false,
          false,
          false,
          false,
          false,
          true,
          false,
          false,
          false
        ],
        [
          false,
          true,
          false,
          true,
          false,
          false,
          false,
          false,
          true,
          true,
          false,
          false
        ],
        [
          true,
          false,
          false,
          false,
          true,
          true,
          false,
          false,
          true,
          true,
          false,
          false
        ],
        [
          true,
          false,
          false,
          false,
          true,
          true,
          false,
          true,
          true,
          true,
          false,
          true
        ],
        [
          false,
          true,
          false,
          false,
          false,
          false,
          true,
          false,
          false,
          false,
          false,
          true
        ],
        [
          false,
          false,
          false,
          false,
          false,
          true,
          false,
          true,
          false,
          false,
          true,
          true
        ],
        [
          true,
          false,
          true,
          true,
          true,
          true,
          false,
          false,
          true,
          true,
          false,
          false
        ],
        [
          true,
          true,
          false,
          true,
          true,
          true,
          false,
          false,
          true,
          true,
          true,
          false
        ],
        [
          false,
          false,
          false,
          false,
          false,
          false,
          false,
          true,
          false,
          true,
          true,
          false
        ],
        [
          false,
          false,
          false,
          false,
          false,
          true,
          true,
          true,
          false,
          false,
          false,
          true
        ]
      ]
    },
    {
      "spread": "IC",
      "prob": 0.5,
      "n_rows": 144000,
      "avg": 0.093855,
      "std": 0.274683,
      "removed": 0,
      "labels": [
        "dir=IN;k=0",
        "dir=IN;k=1",
        "dir=IN;k=4",
        "dir=IN;k=6",
        "dir=OUT;k=0",
        "dir=OUT;k=1",
        "dir=OUT;k=4",
        "dir=OUT;k=6",
        "dir=ALL;k=0",
        "dir=ALL;k=1",
        "dir=ALL;k=4",
        "dir=ALL;k=6"
      ],
      "matrix": [
        [
          1.0,
          0.004207,
          0.016094,
          -0.000904,
          0.045995,
          0.052062,
          0.022484,
          0.00354,
          0.040893,
          0.031876,
          -0.000693,
          0.001313
        ],
        [
          0.004207,
          1.0,
          -0.003112,
          0.011787,
          0.025987,
          0.02178,
          0.005227,
          0.012126,
          -9.4e-05,
          0.061336,
          -0.003434,
          0.013745
        ],
        [
          0.016094,
          -0.003112,
          1.0,
          -0.001271,
          0.011052,
          0.005703,
          0.009733,
          0.015093,
          0.001469,
          0.008919,
          0.020944,
          0.002421
        ],
        [
          -0.000904,
          0.011787,
          -0.001271,
          1.0,
          0.006858,
          0.001411,
          0.001185,
          0.003505,
          0.006161,
          0.013165,
          0.001959,
          0.001279
        ],
        [
          0.045995,
          0.025987,
          0.011052,
          0.006858,
          1.0,
          0.055607,
          0.003738,
          -0.003864,
          0.051691,
          0.021817,
          0.002802,
          0.005108
        ],
        [
          0.052062,
          0.02178,
          0.005703,
          0.001411,
          0.055607,
          1.0,
          0.00052,
          0.005457,
          0.053761,
          0.046305,
          0.010009,
          0.003668
        ],
        [
          0.022484,
          0.005227,
          0.009733,
          0.001185,
          0.003738,
          0.00052,
          1.0,
          -0.000622,
          0.009043,
          -0.001393,
          0.004259,
          -0.016135
        ],
        [
          0.00354,
          0.012126,
          0.015093,
          0.003505,
          -0.003864,
          0.005457,
          -0.000622,
          1.0,
          -0.013396,
          -0.004223,
          1.5e-05,
          0.012147
        ],
        [
          0.040893,
          -9.4e-05,
          0.001469,
          0.006161,
          0.051691,
          0.053761,
          0.009043,
          -0.013396,
          1.0,
          0.037307,
          0.00734,
          0.000362
        ],
        [
          0.031876,
          0.061336,
          0.008919,
          0.013165,
          0.021817,
          0.046305,
          -0.001393,
          -0.004223,
          0.037307,
          1.0,
          -0.006094,
          0.011076
        ],
        [
          -0.000693,
          -0.003434,
          0.020944,
          0.001959,
          0.002802,
          0.010009,
          0.004259,
          1.5e-05,
          0.00734,
          -0.006094,
          1.0,
          -0.010568
        ],
        [
          0.001313,
          0.013745,
          0.002421,
          0.001279,
          0.005108,
          0.003668,
          -0.016135,
          0.012147,
          0.000362,
          0.011076,
          -0.010568,
          1.0
        ]
      ],
      "significant": [
        [
          true,
          false,
          false,
          false,
          true,
          true,
          true,
          false,
          true,
          true,
          false,
          false
        ],
        [
          false,
          true,
          false,
          false,
          true,
          true,
          false,
          false,
          false,
          true,
          false,
          false
        ],
        [
          false,
          false,
          true,
          false,
          false,
          false,
          false,
          false,
          false,
          false,
          true,
          false
        ],
        [
          false,
          false,
          false,
          true,
          false,
          false,
          false,
          false,
          false,
          false,
          false,
          false
        ],
        [
          true,
          true,
          false,
          false,
          true,
          true,
          false,
          false,
          true,
          true,
          false,
          false
        ],
        [
          true,
          true,
          false,
          false,
          true,
          true,
          false,
          false,
          true,
          true,
          false,
          false
        ],
        [
          true,
          false,
          false,
          false,
          false,
          false,
          true,
          false,
          false,
          false,
          false,
          false
        ],
        [
          false,
          false,
          false,
          false,
          false,
          false,
          false,
          true,
          false,
          false,
          false,
          false
        ],
        [
          true,
          false,
          false,
          false,
          true,
          true,
          false,
          false,
          true,
          true,
          false,
          false
        ],
        [
          true,
          true,
          false,
          false,
          true,
          true,
          false,
          false,
          true,
          true,
          false,
          false
        ],
        [
          false,
          false,
          true,
          false,
          false,
          false,
          false,
          false,
          false,
          false,
          true,
          false
        ],
        [
          false,
          false,
          false,
          false,
          false,
          false,
          false,
          false,
          false,
          false,
          false,
          true
        ]
      ]
    },
    {
      "spread": "IC",
      "prob": 0.75,
      "n_rows": 144000,
      "avg": 0.09154,
      "std": 0.275562,
      "removed": 0,
      "labels": [
        "dir=IN;k=0",
        "dir=IN;k=1",
        "dir=IN;k=4",
        "dir=IN;k=6",
        "dir=OUT;k=0",
        "dir=OUT;k=1",
        "dir=OUT;k=4",
        "dir=OUT;k=6",
        "dir=ALL;k=0",
        "dir=ALL;k=1",
        "dir=ALL;k=4",
        "dir=ALL;k=6"
      ],
      "matrix": [
        [
          1.0,
          0.010038,
          0.007072,
          -0.002019,
          0.033051,
          0.062879,
          0.017135,
          -0.011025,
          0.051785,
          0.045103,
          0.033029,
          0.004582
        ],
        [
          0.010038,
          1.0,
          -0.003517,
          -0.005351,
          0.006975,
          0.009089,
          0.005545,
          -0.001059,
          0.010501,
          0.046467,
          0.012847,
          -0.021459
        ],
        [
          0.007072,
          -0.003517,
          1.0,
          0.004081,
          -0.00915,
          -0.003971,
          -0.002129,
          -0.01073,
          0.007264,
          0.000998,
          0.00742,
          0.002629
        ],
        [
          -0.002019,
          -0.005351,
          0.004081,
          1.0,
          -0.001703,
          -0.008433,
          0.000984,
          -0.01542,
          -0.008813,
          0.005344,
          0.018262,
          0.019093
        ],
        [
          0.033051,
          0.006975,
          -0.00915,
          -0.001703,
          1.0,
          0.048384,
          0.010073,
          0.015766,
          0.052095,
          0.03931,
          -0.010189,
          0.000483
        ],
        [
          0.062879,
          0.009089,
          -0.003971,
          -0.008433,
          0.048384,
          1.0,
          -0.010744,
          -0.01165,
          0.043588,
          0.05392,
          -0.001493,
          -0.001187
        ],
        [
          0.017135,
          0.005545,
          -0.002129,
          0.000984,
          0.010073,
          -0.010744,
          1.0,
          -0.008077,
          0.001762,
          0.000814,
          0.002125,
          -0.005458
        ],
        [
          -0.011025,
          -0.001059,
          -0.01073,
          -0.01542,
          0.015766,
          -0.01165,
          -0.008077,
          1.0,
          -0.006395,
          0.016146,
          0.008153,
          -0.014526
        ],
        [
          0.051785,
          0.010501,
          0.007264,
          -0.008813,
          0.052095,
          0.043588,
          0.001762,
          -0.006395,
          1.0,
          0.06019,
          -0.008276,
          -0.004109
        ],
        [
          0.045103,
          0.046467,
          0.000998,
          0.005344,
          0.03931,
          0.05392,
          0.000814,
          0.016146,
          0.06019,
          1.0,
          0.003225,
          0.007415
        ],
        [
          0.033029,
          0.012847,
          0.00742,
          0.018262,
          -0.010189,
          -0.001493,
          0.002125,
          0.008153,
          -0.008276,
          0.003225,
          1.0,
          -0.00786
        ],
        [
          0.004582,
          -0.021459,
          0.002629,
          0.019093,
          0.000483,
          -0.001187,
          -0.005458,
          -0.014526,
          -0.004109,
          0.007415,
          -0.00786,
          1.0
        ]
      ],
      "significant": [
        [
          true,
          false,
          false,
          false,
          true,
          true,
          false,
          false,
          true,
          true,
          true,
          false
        ],
        [
          false,
          true,
          false,
          false,
          false,
          false,
          false,
          false,
          false,
          true,
          false,
          true
        ],
        [
          false,
          false,
          true,
          false,
          false,
          false,
          false,
          false,
          false,
          false,
          false,
          false
        ],
        [
          false,
          false,
          false,
          true,
          false,
          false,
          false,
          false,
          false,
          false,
          true,
          true
        ],
        [
          true,
          false,
          false,
          false,
          true,
          true,
          false,
          false,
          true,
          true,
          false,
          false
        ],
        [
          true,
          false,
          false,
          false,
          true,
          true,
          false,
          false,
          true,
          true,
          false,
          false
        ],
        [
          false,
          false,
          false,
          false,
          false,
          false,
          true,
          false,
          false,
          false,
          false,
          false
        ],
        [
          false,
          false,
          false,
          false,
          false,
          false,
          false,
          true,
          false,
          false,
          false,
          false
        ],
        [
          true,
          false,
          false,
          false,
          true,
          true,
          false,
          false,
          true,
          true,
          false,
          false
        ],
        [
          true,
          true,
          false,
          false,
          true,
          true,
          false,
          false,
          true,
          true,
          false,
          false
        ],
        [
          true,
          false,
          false,
          true,
          false,
          false,
          false,
          false,
          false,
          false,
          true,
          false
        ],
        [
          false,
          true,
          false,
          true,
          false,
          false,
          false,
          false,
          false,
          false,
          false,
          true
        ]
      ]
    },
    {
      "spread": "IC",
      "prob": 1.0,
      "n_rows": 144000,
      "avg": 0.297912,
      "std": 0.449646,
      "removed": 102,
      "labels": [
        "dir=IN;k=0",
        "dir=IN;k=1",
        "dir=IN;k=4",
        "dir=IN;k=6",
        "dir=OUT;k=0",
        "dir=OUT;k=1",
        "dir=OUT;k=4",
        "dir=OUT;k=6",
        "dir=ALL;k=0",
        "dir=ALL;k=1",
        "dir=ALL;k=4",
        "dir=ALL;k=6"
      ],
      "matrix": [
        [
          1.0,
          0.013078,
          null,
          null,
          0.037603,
          0.019963,
          null,
          null,
          0.037727,
          0.008637,
          null,
          null
        ],
        [
          0.013078,
          1.0,
          null,
          null,
          0.000916,
          -0.014272,
          null,
          null,
          -0.010242,
          0.019849,
          null,
          null
        ],
        [
          null,
          null,
          1.0,
          null,
          null,
          null,
          null,
          null,
          null,
          null,
          null,
          null
        ],
        [
          null,
          null,
          null,
          1.0,
          null,
          null,
          null,
          null,
          null,
          null,
          null,
          null
        ],
        [
          0.037603,
          0.000916,
          null,
          null,
          1.0,
          0.017675,
          null,
          null,
          0.050796,
          0.020769,
          null,
          null
        ],
        [
          0.019963,
          -0.014272,
          null,
          null,
          0.017675,
          1.0,
          null,
          null,
          0.017044,
          0.014362,
          null,
          null
        ],
        [
          null,
          null,
          null,
          null,
          null,
          null,
          1.0,
          null,
          null,
          null,
          null,
          null
        ],
        [
          null,
          null,
          null,
          null,
          null,
          null,
          null,
          1.0,
          null,
          null,
          null,
          null
        ],
        [
          0.037727,
          -0.010242,
          null,
          null,
          0.050796,
          0.017044,
          null,
          null,
          1.0,
          0.022241,
          null,
          null
        ],
        [
          0.008637,
          0.019849,
          null,
          null,
          0.020769,
          0.014362,
          null,
          null,
          0.022241,
          1.0,
          null,
          null
        ],
        [
          null,
          null,
          null,
          null,
          null,
          null,
          null,
          null,
          null,
          null,
          1.0,
          null
        ],
        [
          null,
          null,
          null,
          null,
          null,
          null,
          null,
          null,
          null,
          null,
          null,
          1.0
        ]
      ],
      "significant": [
        [
          true,
          false,
          false,
          false,
          true,
          true,
          false,
          false,
          true,
          false,
          false,
          false
        ],
        [
          false,
          true,
          false,
          false,
          false,
          false,
          false,
          false,
          false,
          true,
          false,
          false
        ],
        [
          false,
          false,
          true,
          false,
          false,
          false,
          false,
          false,
          false,
          false,
          false,
          false
        ],
        [
          false,
          false,
          false,
          true,
          false,
          false,
          false,
          false,
          false,
          false,
          false,
          false
        ],
        [
          true,
          false,
          false,
          false,
          true,
          false,
          false,
          false,
          true,
          true,
          false,
          false
        ],
        [
          true,
          false,
          false,
          false,
          false,
          true,
          false,
          false,
          false,
          false,
          false,
          false
        ],
        [
          false,
          false,
          false,
          false,
          false,
          false,
          true,
          false,
          false,
          false,
          false,
          false
        ],
        [
          false,
          false,
          false,
          false,
          false,
          false,
          false,
          true,
          false,
          false,
          false,
          false
        ],
        [
          true,
          false,
          false,
          false,
          true,
          false,
          false,
          false,
          true,
          true,
          false,
          false
        ],
        [
          false,
          true,
          false,
          false,
          true,
          false,
          false,
          false,
          true,
          true,
          false,
          false
        ],
        [
          false,
          false,
          false,
          false,
          false,
          false,
          false,
          false,
          false,
          false,
          true,
          false
        ],
        [
          false,
          false,
          false,
          false,
          false,
          false,
          false,
          false,
          false,
          false,
          false,
          true
        ]
      ]
    }
  ]
}