{
  "network_id": 2,
  "spread_model": "IC",
  "correlations": [
    {
      "spread": "IC",
      "prob": 0.25,
      "n_rows": 60000,
      "avg": 0.124584,
      "std": 0.27564,
      "removed": 0,
      "labels": [
        "dir=IN;k=0",
        "dir=IN;k=1",
        "dir=IN;k=4",
        "dir=IN;k=6",
        "dir=OUT;k=0",
        "dir=OUT;k=1",
        "dir=OUT;k=4",
        "dir=OUT;k=6",
        "dir=ALL;k=0",
        "dir=ALL;k=1",
        "dir=ALL;k=4",
        "dir=ALL;k=6"
      ],
      "matrix": [
        [
          1.0,
          0.057902,
          0.017668,
          0.007847,
          0.088952,
          0.119001,
          0.26302,
          -0.014685,
          0.131136,
          0.098897,
          0.008348,
          -0.029691
        ],
        [
          0.057902,
          1.0,
          0.150509,
          -0.019496,
          0.06955,
          0.067638,
          0.12868,
          0.013258,
          0.044976,
          0.106197,
          0.006601,
          -0.012392
        ],
        [
          0.017668,
          0.150509,
          1.0,
          -0.005393,
          -0.000872,
          0.013509,
          0.039928,
          0.001471,
          0.02788,
          0.100096,
          0.003085,
          0.012217
        ],
        [
          0.007847,
          -0.019496,
          -0.005393,
          1.0,
          -0.002793,
          0.018248,
          -0.02423,
          0.003029,
          -0.01894,
          -0.026536,
          0.004977,
          0.003969
        ],
        [
          0.088952,
          0.06955,
          -0.000872,
          -0.002793,
          1.0,
          0.121907,
          0.259635,
          -0.017135,
          0.084979,
          0.058227,
          -0.007674,
          -0.004349
        ],
        [
          0.119001,
          0.067638,
          0.013509,
          0.018248,
          0.121907,
          1.0,
          0.329932,
          -0.002392,
          0.11375,
          0.092181,
          -0.022811,
          0.001309
        ],
        [
          0.26302,
          0.12868,
          0.039928,
          -0.02423,
          0.259635,
          0.329932,
          1.0,
          0.006154,
          0.251737,
          0.230531,
          -0.014055,
          -0.02268
        ],
        [
          -0.014685,
          0.013258,
          0.001471,
          0.003029,
          -0.017135,
          -0.002392,
          0.006154,
          1.0,
          -0.018147,
          -0.000367,
          0.002757,
          0.002367
        ],
        [
          0.131136,
          0.044976,
          0.02788,
          -0.01894,
          0.084979,
          0.11375,
          0.251737,
          -0.018147,
          1.0,
          0.084519,
          0.002441,
          -0.017652
        ],
        [
          0.098897,
          0.106197,
          0.100096,
          -0.026536,
          0.058227,
          0.092181,
          0.230531,
          -0.000367,
          0.084519,
          1.0,
          0.009457,
          0.000942
        ],
        [
          0.008348,
          0.006601,
          0.003085,
          0.004977,
          -0.007674,
          -0.022811,
          -0.014055,
          0.002757,
          0.002441,
          0.009457,
          1.0,
          -0.009082
        ],
        [
          -0.029691,
          -0.012392,
          0.012217,
          0.003969,
          -0.004349,
          0.001309,
          -0.02268,
          0.002367,
          -0.017652,
          0.000942,
          -0.009082,
          1.0
        ]
      ],
      "significant": [
        [
          true,
          true,
          false,
          false,
          true,
          true,
          true,
          false,
          true,
          true,
          false,
          true
        ],
        [
          true,
          true,
          true,
          false,
          true,
          true,
          true,
          false,
          true,
          true,
          false,
          false
        ],
        [
          false,
          true,
          true,
          false,
          false,
          false,
          true,
          false,
          true,
          true,
          false,
          false
        ],
        [
          false,
          false,
          false,
          true,
          false,
          false,
          false,
          false,
          false,
          false,
          false,
          false
        ],
        [
          true,
          true,
          false,
          false,
          true,
          true,
          true,
          false,
          true,
          true,
          false,
          false
        ],
        [
          true,
          true,
          false,
          false,
          true,
          true,
          true,
          false,
          true,
          true,
          false,
          false
        ],
        [
          true,
          true,
          true,
          false,
          true,
          true,
          true,
          false,
          true,
          true,
          false,
          false
        ],
        [
          false,
          false,
          false,
          false,
          false,
          false,
          false,
          true,
          false,
          false,
          false,
          false
        ],
        [
          true,
          true,
          true,
          false,
          true,
          true,
          true,
          false,
          true,
          true,
          false,
          false
        ],
        [
          true,
          true,
          true,
          false,
          true,
          true,
          true,
          false,
          true,
          true,
          false,
          false
        ],
        [
          false,
          false,
          false,
          false,
          false,
          false,
          false,
          false,
          false,
          false,
          true,
          false
        ],
        [
          true,
          false,
          false,
          false,
          false,
          false,
          false,
          false,
          false,
          false,
          false,
          true
        ]
      ]
    },
    {
      "spread": "IC",
      "prob": 0.5,
      "n_rows": 60000,
      "avg": 0.129759,
      "std": 0.274963,
      "removed": 0,
      "labels": [
        "dir=IN;k=0",
        "dir=IN;k=1",
        "dir=IN;k=4",
        "dir=IN;k=6",
        "dir=OUT;k=0",
        "dir=OUT;k=1",
        "dir=OUT;k=4",
        "dir=OUT;k=6",
        "dir=ALL;k=0",
        "dir=ALL;k=1",
        "dir=ALL;k=4",
        "dir=ALL;k=6"
      ],
      "matrix": [
        [
          1.0,
          0.056861,
          0.036327,
          0.012584,
          0.098301,
          0.126508,
          0.269011,
          -0.016238,
          0.113561,
          0.095375,
          0.009786,
          -0.01641
        ],
        [
          0.056861,
          1.0,
          0.136455,
          0.004327,
          0.049952,
          0.023024,
          0.079552,
          0.008017,
          0.043255,
          0.15147,
          0.007443,
          -0.015025
        ],
        [
          0.036327,
          0.136455,
          1.0,
          0.00371,
          0.02405,
          0.027376,
          0.044909,
          -0.005236,
          0.037766,
          0.097361,
          0.026126,
          -0.012397
        ],
        [
          0.012584,
          0.004327,
          0.00371,
          1.0,
          0.010753,
          0.018246,
          0.011785,
          -0.006236,
          -0.00312,
          -0.008937,
          0.02317,
          -0.006516
        ],
        [
          0.098301,
          0.049952,
          0.02405,
          0.010753,
          1.0,
          0.098047,
          0.26831,
          0.023814,
          0.115587,
          0.065768,
          0.024335,
          -0.006687
        ],
        [
          0.126508,
          0.023024,
          0.027376,
          0.018246,
          0.098047,
          1.0,
          0.385889,
          0.007827,
          0.134741,
          0.081975,
          0.010991,
          -0.011347
        ],
        [
          0.269011,
          0.079552,
          0.044909,
          0.011785,
          0.26831,
          0.385889,
          1.0,
          0.009597,
          0.2923,
          0.224832,
          0.019867,
          0.014379
        ],
        [
          -0.016238,
          0.008017,
          -0.005236,
          -0.006236,
          0.023814,
          0.007827,
          0.009597,
          1.0,
          -0.01352,
          0.004607,
          -0.022282,
          -0.011716
        ],
        [
          0.113561,
          0.043255,
          0.037766,
          -0.00312,
          0.115587,
          0.134741,
          0.2923,
          -0.01352,
          1.0,
          0.09851,
          0.005944,
          -0.010339
        ],
        [
          0.095375,
          0.15147,
          0.097361,
          -0.008937,
          0.065768,
          0.081975,
          0.224832,
          0.004607,
          0.09851,
          1.0,
          0.008322,
          -0.032686
        ],
        [
          0.009786,
          0.007443,
          0.026126,
          0.02317,
          0.024335,
          0.010991,
          0.019867,
          -0.022282,
          0.005944,
          0.008322,
          1.0,
          -0.001348
        ],
        [
          -0.01641,
          -0.015025,
          -0.012397,
          -0.006516,
          -0.006687,
          -0.011347,
          0.014379,
          -0.011716,
          -0.010339,
          -0.032686,
          -0.001348,
          1.0
        ]
      ],
      "significant": [
        [
          true,
          true,
          true,
          false,
          true,
          true,
          true,
          false,
          true,
          true,
          false,
          false
        ],
        [
          true,
          true,
          true,
          false,
          true,
          false,
          true,
          false,
          true,
          true,
          false,
          false
        ],
        [
          true,
          true,
          true,
          false,
          false,
          false,
          true,
          false,
          true,
          true,
          false,
          false
        ],
        [
          false,
          false,
          false,
          true,
          false,
          false,
          false,
          false,
          false,
          false,
          false,
          false
        ],
        [
          true,
          true,
          false,
          false,
          true,
          true,
          true,
          false,
          true,
          true,
          false,
          false
        ],
        [
          true,
          false,
          false,
          false,
          true,
          true,
          true,
          false,
          true,
          true,
          false,
          false
        ],
        [
          true,
          true,
          true,
          false,
          true,
          true,
          true,
          false,
          true,
          true,
          false,
          false
        ],
        [
          false,
          false,
          false,
          false,
          false,
          false,
          false,
          true,
          false,
          false,
          false,
          false
        ],
        [
          true,
          true,
          true,
          false,
          true,
          true,
          true,
          false,
          true,
          true,
          false,
          false
        ],
        [
          true,
          true,
          true,
          false,
          true,
          true,
          true,
          false,
          true,
          true,
          false,
          true
        ],
        [
          false,
          false,
          false,
          false,
          false,
          false,
          false,
          false,
          false,
          false,
          true,
          false
        ],
        [
          false,
          false,
          false,
          false,
          false,
          false,
          false,
          false,
          false,
          true,
          false,
          true
        ]
      ]
    },
    {
      "spread": "IC",
      "prob": 0.75,
      "n_rows": 60000,
      "avg": 0.12725,
      "std": 0.276897,
      "removed": 0,
      "labels": [
        "dir=IN;k=0",
        "dir=IN;k=1",
        "dir=IN;k=4",
        "dir=IN;k=6",
        "dir=OUT;k=0",
        "dir=OUT;k=1",
        "dir=OUT;k=4",
        "dir=OUT;k=6",
        "dir=ALL;k=0",
        "dir=ALL;k=1",
        "dir=ALL;k=4",
        "dir=ALL;k=6"
      ],
      "matrix": [
        [
          1.0,
          0.056158,
          0.006028,
          -0.008099,
          0.103173,
          0.114339,
          0.271029,
          -0.017451,
          0.093833,
          0.037042,
          0.020161,
          0.004222
        ],
        [
          0.056158,
          1.0,
          0.17013,
          0.002612,
          0.051802,
          0.055027,
          0.105103,
          0.018739,
          0.050291,
          0.190107,
          -0.015636,
          -0.002931
        ],
        [
          0.006028,
          0.17013,
          1.0,
          -0.005387,
          0.008106,
          -0.002077,
          0.041797,
          -0.005205,
          0.031856,
          0.090923,
          0.000685,
          -0.011866
        ],
        [
          -0.008099,
          0.002612,
          -0.005387,
          1.0,
          0.010759,
          -0.007323,
          -0.010469,
          -0.003918,
          -0.005929,
          -0.0128,
          0.017966,
          -0.034274
        ],
        [
          0.103173,
          0.051802,
          0.008106,
          0.010759,
          1.0,
          0.130197,
          0.25642,
          -0.003827,
          0.114557,
          0.080275,
          -0.01279,
          -0.00314
        ],
        [
          0.114339,
          0.055027,
          -0.002077,
          -0.007323,
          0.130197,
          1.0,
          0.426018,
          0.005864,
          0.112852,
          0.128398,
          0.008156,
          -0.005534
        ],
        [
          0.271029,
          0.105103,
          0.041797,
          -0.010469,
          0.25642,
          0.426018,
          1.0,
          0.001016,
          0.250657,
          0.224406,
          -0.011874,
          0.026386
        ],
        [
          -0.017451,
          0.018739,
          -0.005205,
          -0.003918,
          -0.003827,
          0.005864,
          0.001016,
          1.0,
          0.003205,
          0.038114,
          -0.017409,
          0.012693
        ],
        [
          0.093833,
          0.050291,
          0.031856,
          -0.005929,
          0.114557,
          0.112852,
          0.250657,
          0.003205,
          1.0,
          0.078284,
          -0.001927,
          -0.005375
        ],
        [
          0.037042,
          0.190107,
          0.090923,
          -0.0128,
          0.080275,
          0.128398,
          0.224406,
          0.038114,
          0.078284,
          1.0,
          -0.031195,
          -0.008254
        ],
        [
          0.020161,
          -0.015636,
          0.000685,
          0.017966,
          -0.01279,
          0.008156,
          -0.011874,
          -0.017409,
          -0.001927,
          -0.031195,
          1.0,
          -0.042712
        ],
        [
          0.004222,
          -0.002931,
          -0.011866,
          -0.034274,
          -0.00314,
          -0.005534,
          0.026386,
          0.012693,
          -0.005375,
          -0.008254,
          -0.042712,
          1.0
        ]
      ],
      "significant": [
        [
          true,
          true,
          false,
          false,
          true,
          true,
          true,
          false,
          true,
          true,
          false,
          false
        ],
        [
          true,
          true,
          true,
          false,
          true,
          true,
          true,
          false,
          true,
          true,
          false,
          false
        ],
        [
          false,
          true,
          true,
          false,
          false,
          false,
          true,
          false,
          true,
          true,
          false,
          false
        ],
        [
          false,
          false,
          false,
          true,
          false,
          false,
          false,
          false,
          false,
          false,
          false,
          true
        ],
        [
          true,
          true,
          false,
          false,
          true,
          true,
          true,
          false,
          true,
          true,
          false,
          false
        ],
        [
          true,
          true,
          false,
          false,
          true,
          true,
          true,
          false,
          true,
          true,
          false,
          false
        ],
        [
          true,
          true,
          true,
          false,
          true,
          true,
          true,
          false,
          true,
          true,
          false,
          false
        ],
        [
          false,
          false,
          false,
          false,
          false,
          false,
          false,
          true,
          false,
          true,
          false,
          false
        ],
        [
          true,
          true,
          true,
          false,
          true,
          true,
          true,
          false,
          true,
          true,
          false,
          false
        ],
        [
          true,
          true,
          true,
          false,
          true,
          true,
          true,
          true,
          true,
          true,
          true,
          false
        ],
        [
          false,
          false,
          false,
          false,
          false,
          false,
          false,
          false,
          false,
          true,
          true,
          true
        ],
        [
          false,
          false,
          false,
          true,
          false,
          false,
          false,
          false,
          false,
          false,
          true,
          true
        ]
      ]
    },
    {
      "spread": "IC",
      "prob": 1.0,
      "n_rows": 60000,
      "avg": 0.255328,
      "std": 0.317924,
      "removed": 60,
      "labels": [
        "dir=IN;k=0",
        "dir=IN;k=1",
        "dir=IN;k=4",
        "dir=IN;k=6",
        "dir=OUT;k=0",
        "dir=OUT;k=1",
        "dir=OUT;k=4",
        "dir=OUT;k=6",
        "dir=ALL;k=0",
        "dir=ALL;k=1",
        "dir=ALL;k=4",
        "dir=ALL;k=6"
      ],
      "matrix": [
        [
          1.0,
          0.05934,
          0.034629,
          null,
          0.055963,
          0.135096,
          0.274094,
          null,
          0.112806,
          0.111278,
          0.088569,
          null
        ],
        [
          0.05934,
          1.0,
          0.179749,
          null,
          0.048965,
          0.041579,
          0.082111,
          null,
          0.046579,
          0.202189,
          0.168457,
          null
        ],
        [
          0.034629,
          0.179749,
          1.0,
          null,
          0.036115,
          0.018267,
          0.04344,
          null,
          0.018507,
          0.082323,
          0.256246,
          null
        ],
        [
          null,
          null,
          null,
          1.0,
          null,
          null,
          null,
          null,
          null,
          null,
          null,
          null
        ],
        [
          0.055963,
          0.048965,
          0.036115,
          null,
          1.0,
          0.124328,
          0.260338,
          null,
          0.120811,
          0.063712,
          0.074206,
          null
        ],
        [
          0.135096,
          0.041579,
          0.018267,
          null,
          0.124328,
          1.0,
          0.425922,
          null,
          0.146174,
          0.11625,
          0.143972,
          null
        ],
        [
          0.274094,
          0.082111,
          0.04344,
          null,
          0.260338,
          0.425922,
          1.0,
          null,
          0.270875,
          0.228697,
          0.304902,
          null
        ],
        [
          null,
          null,
          null,
          null,
          null,
          null,
          null,
          1.0,
          null,
          null,
          null,
          null
        ],
        [
          0.112806,
          0.046579,
          0.018507,
          null,
          0.120811,
          0.146174,
          0.270875,
          null,
          1.0,
          0.079474,
          0.099229,
          null
        ],
        [
          0.111278,
          0.202189,
          0.082323,
          null,
          0.063712,
          0.11625,
          0.228697,
          null,
          0.079474,
          1.0,
          0.168602,
          null
        ],
        [
          0.088569,
          0.168457,
          0.256246,
          null,
          0.074206,
          0.143972,
          0.304902,
          null,
          0.099229,
          0.168602,
          1.0,
          null
        ],
        [
          null,
          null,
          null,
          null,
          null,
          null,
          null,
          null,
          null,
          null,
          null,
          1.0
        ]
      ],
      "significant": [
        [
          true,
          true,
          true,
          false,
          true,
          true,
          true,
          false,
          true,
          true,
          true,
          false
        ],
        [
          true,
          true,
          true,
          false,
          true,
          true,
          true,
          false,
          true,
          true,
          true,
          false
        ],
        [
          true,
          true,
          true,
          false,
          true,
          false,
          true,
          false,
          false,
          true,
          true,
          false
        ],
        [
          false,
          false,
          false,
          true,
          false,
          false,
          false,
          false,
          false,
          false,
          false,
          false
        ],
        [
          true,
          true,
          true,
          false,
          true,
          true,
          true,
          false,
          true,
          true,
          true,
          false
        ],
        [
          true,
          true,
          false,
          false,
          true,
          true,
          true,
          false,
          true,
          true,
          true,
          false
        ],
        [
          true,
          true,
          true,
          false,
          true,
          true,
          true,
          false,
          true,
          true,
          true,
          false
        ],
        [
          false,
          false,
          false,
          false,
          false,
          false,
          false,
          true,
          false,
          false,
          false,
          false
        ],
        [
          true,
          true,
          false,
          false,
          true,
          true,
          true,
          false,
          true,
          true,
          true,
          false
        ],
        [
          true,
          true,
          true,
          false,
          true,
          true,
          true,
          false,
          true,
          true,
          true,
          false
        ],
        [
          true,
          true,
          true,
          false,
          true,
          true,
          true,
          false,
          true,
          true,
          true,
          false
        ],
        [
          false,
          false,
          false,
          false,
          false,
          false,
          false,
          false,
          false,
          false,
          false,
          true
        ]
      ]
    }
  ]
}