{
  "network_id": 20,
  "spread_model": "IC",
  "correlations": [
    {
      "spread": "IC",
      "prob": 0.25,
      "n_rows": 144000,
      "avg": 0.092106,
      "std": 0.275197,
      "removed": 0,
      "labels": [
        "dir=IN;k=0",
        "dir=IN;k=1",
        "dir=IN;k=4",
        "dir=IN;k=6",
        "dir=OUT;k=0",
        "dir=OUT;k=1",
        "dir=OUT;k=4",
        "dir=OUT;k=6",
        "dir=ALL;k=0",
        "dir=ALL;k=1",
        "dir=ALL;k=4",
        "dir=ALL;k=6"
      ],
      "matrix": [
        [
          1.0,
          0.019963,
          -0.000415,
          4e-05,
          0.06391,
          0.059107,
          0.029665,
          -0.004345,
          0.043189,
          0.021384,
          -0.007114,
          0.014354
        ],
        [
          0.019963,
          1.0,
          0.02925,
          0.001583,
          0.0097,
          0.036127,
          0.017627,
          -0.007978,
          0.002917,
          0.032676,
          0.007202,
          0.005729
        ],
        [
          -0.000415,
          0.02925,
          1.0,
          0.021709,
          -0.011644,
          -0.009826,
          0.004509,
          0.001436,
          -0.000657,
          0.001232,
          0.011979,
          -0.015757
        ],
        [
          4e-05,
          0.001583,
          0.021709,
          1.0,
          -0.008743,
          -0.009351,
          -0.019016,
          -0.000671,
          -0.004244,
          0.013911,
          0.009292,
          -0.011109
        ],
        [
          0.06391,
          0.0097,
          -0.011644,
          -0.008743,
          1.0,
          0.02653,
          0.022002,
          0.026122,
          0.032406,
          0.008003,
          -0.000698,
          0.006381
        ],
        [
          0.059107,
          0.036127,
          -0.009826,
          -0.009351,
          0.02653,
          1.0,
          0.035274,
          -0.007942,
          0.023299,
          0.033019,
          0.008478,
          0.011302
        ],
        [
          0.029665,
          0.017627,
          0.004509,
          -0.019016,
          0.022002,
          0.035274,
          1.0,
          0.001353,
          0.012879,
          0.02136,
          0.015567,
          0.010807
        ],
        [
          -0.004345,
          -0.007978,
          0.001436,
          -0.000671,
          0.026122,
          -0.007942,
          0.001353,
          1.0,
          -0.011846,
          0.008794,
          -0.00705,
          -0.010667
        ],
        [
          0.043189,
          0.002917,
          -0.000657,
          -0.004244,
          0.032406,
          0.023299,
          0.012879,
          -0.011846,
          1.0,
          0.027356,
          0.004756,
          0.001859
        ],
        [
          0.021384,
          0.032676,
          0.001232,
          0.013911,
          0.008003,
          0.033019,
          0.02136,
          0.008794,
          0.027356,
          1.0,
          -0.011257,
          -0.00092
        ],
        [
          -0.007114,
          0.007202,
          0.011979,
          0.009292,
          -0.000698,
          0.008478,
          0.015567,
          -0.00705,
          0.004756,
          -0.011257,
          1.0,
          -0.003121
        ],
        [
          0.014354,
          0.005729,
          -0.015757,
          -0.011109,
          0.006381,
          0.011302,
          0.010807,
          -0.010667,
          0.001859,
          -0.00092,
          -0.003121,
          1.0
        ]
      ],
      "significant": [
        [
          true,
          true,
          false,
          false,
          true,
          true,
          true,
          false,
          true,
          true,
          false,
          false
        ],
        [
          true,
          true,
          true,
          false,
          false,
          true,
          false,
          false,
          false,
          true,
          false,
          false
        ],
        [
          false,
          true,
          true,
          true,
          false,
          false,
          false,
          false,
          false,
          false,
          false,
          false
        ],
        [
          false,
          false,
          true,
          true,
          false,
          false,
          true,
          false,
          false,
          false,
          false,
          false
        ],
        [
          true,
          false,
          false,
          false,
          true,
          true,
          true,
          true,
          true,
          false,
          false,
          false
        ],
        [
          true,
          true,
          false,
          false,
          true,
          true,
          true,
          false,
          true,
          true,
          false,
          false
        ],
        [
          true,
          false,
          false,
          true,
          true,
          true,
          true,
          false,
          false,
          true,
          false,
          false
        ],
        [
          false,
          false,
          false,
          false,
          true,
          false,
          false,
          true,
          false,
          false,
          false,
          false
        ],
        [
          true,
          false,
          false,
          false,
          true,
          true,
          false,
          false,
          true,
          true,
          false,
          false
        ],
        [
          true,
          true,
          false,
          false,
          false,
          true,
          true,
          false,
          true,
          true,
          false,
          false
        ],
        [
          false,
          false,
          false,
          false,
          false,
          false,
          false,
          false,
          false,
          false,
          true,
          false
        ],
        [
          false,
          false,
          false,
          false,
          false,
          false,
          false,
          false,
          false,
          false,
          false,
          true
        ]
      ]
    },
    {
      "spread": "IC",
      "prob": 0.5,
      "n_rows": 144000,
      "avg": 0.092367,
      "std": 0.275169,
      "removed": 0,
      "labels": [
        "dir=IN;k=0",
        "dir=IN;k=1",
        "dir=IN;k=4",
        "dir=IN;k=6",
        "dir=OUT;k=0",
        "dir=OUT;k=1",
        "dir=OUT;k=4",
        "dir=OUT;k=6",
        "dir=ALL;k=0",
        "dir=ALL;k=1",
        "dir=ALL;k=4",
        "dir=ALL;k=6"
      ],
      "matrix": [
        [
          1.0,
          -0.009774,
          0.004706,
          0.002532,
          0.039057,
          0.056866,
          0.009913,
          -0.002188,
          0.049788,
          0.023941,
          -0.007301,
          0.003181
        ],
        [
          -0.009774,
          1.0,
          0.042394,
          0.012821,
          -0.003843,
          0.004403,
          -0.006992,
          -0.007676,
          -0.007045,
          0.040595,
          -0.008739,
          -0.005649
        ],
        [
          0.004706,
          0.042394,
          1.0,
          0.006445,
          0.018243,
          -0.007094,
          -0.003274,
          0.00191,
          0.005713,
          0.005451,
          0.004356,
          -0.002271
        ],
        [
          0.002532,
          0.012821,
          0.006445,
          1.0,
          -0.00979,
          0.014963,
          0.000933,
          -0.012126,
          0.00769,
          0.005253,
          0.005646,
          -0.004216
        ],
        [
          0.039057,
          -0.003843,
          0.018243,
          -0.00979,
          1.0,
          0.047418,
          0.019192,
          0.002288,
          0.032983,
          0.034973,
          -0.005441,
          -0.00718
        ],
        [
          0.056866,
          0.004403,
          -0.007094,
          0.014963,
          0.047418,
          1.0,
          0.046232,
          0.002492,
          0.060651,
          0.031662,
          0.00571,
          0.013995
        ],
        [
          0.009913,
          -0.006992,
          -0.003274,
          0.000933,
          0.019192,
          0.046232,
          1.0,
          0.008804,
          0.026791,
          0.025609,
          0.007662,
          -0.007867
        ],
        [
          -0.002188,
          -0.007676,
          0.00191,
          -0.012126,
          0.002288,
          0.002492,
          0.008804,
          1.0,
          -0.003873,
          0.001525,
          -0.004114,
          -0.000582
        ],
        [
          0.049788,
          -0.007045,
          0.005713,
          0.00769,
          0.032983,
          0.060651,
          0.026791,
          -0.003873,
          1.0,
          0.031593,
          0.013383,
          -0.008498
        ],
        [
          0.023941,
          0.040595,
          0.005451,
          0.005253,
          0.034973,
          0.031662,
          0.025609,
          0.001525,
          0.031593,
          1.0,
          0.00534,
          0.004743
        ],
        [
          -0.007301,
          -0.008739,
          0.004356,
          0.005646,
          -0.005441,
          0.00571,
          0.007662,
          -0.004114,
          0.013383,
          0.00534,
          1.0,
          -0.003858
        ],
        [
          0.003181,
          -0.005649,
          -0.002271,
          -0.004216,
          -0.00718,
          0.013995,
          -0.007867,
          -0.000582,
          -0.008498,
          0.004743,
          -0.003858,
          1.0
        ]
      ],
      "significant": [
        [
          true,
          false,
          false,
          false,
          true,
          true,
          false,
          false,
          true,
          true,
          false,
          false
        ],
        [
          false,
          true,
          true,
          false,
          false,
          false,
          false,
          false,
          false,
          true,
          false,
          false
        ],
        [
          false,
          true,
          true,
          false,
          true,
          false,
          false,
          false,
          false,
          false,
          false,
          false
        ],
        [
          false,
          false,
          false,
          true,
          false,
          false,
          false,
          false,
          false,
          false,
          false,
          false
        ],
        [
          true,
          false,
          true,
          false,
          true,
          true,
          true,
          false,
          true,
          true,
          false,
          false
        ],
        [
          true,
          false,
          false,
          false,
          true,
          true,
          true,
          false,
          true,
          true,
          false,
          false
        ],
        [
          false,
          false,
          false,
          false,
          true,
          true,
          true,
          false,
          true,
          true,
          false,
          false
        ],
        [
          false,
          false,
          false,
          false,
          false,
          false,
          false,
          true,
          false,
          false,
          false,
          false
        ],
        [
          true,
          false,
          false,
          false,
          true,
          true,
          true,
          false,
          true,
          true,
          false,
          false
        ],
        [
          true,
          true,
          false,
          false,
          true,
          true,
          true,
          false,
          true,
          true,
          false,
          false
        ],
        [
          false,
          false,
          false,
          false,
          false,
          false,
          false,
          false,
          false,
          false,
          true,
          false
        ],
        [
          false,
          false,
          false,
          false,
          false,
          false,
          false,
          false,
          false,
          false,
          false,
          true
        ]
      ]
    },
    {
      "spread": "IC",
      "prob": 0.75,
      "n_rows": 144000,
      "avg": 0.095198,
      "std": 0.274412,
      "removed": 0,
      "labels": [
        "dir=IN;k=0",
        "dir=IN;k=1",
        "dir=IN;k=4",
        "dir=IN;k=6",
        "dir=OUT;k=0",
        "dir=OUT;k=1",
        "dir=OUT;k=4",
        "dir=OUT;k=6",
        "dir=ALL;k=0",
        "dir=ALL;k=1",
        "dir=ALL;k=4",
        "dir=ALL;k=6"
      ],
      "matrix": [
        [
          1.0,
          0.01032,
          -0.010083,
          0.005553,
          0.032945,
          0.041937,
          0.033831,
          0.017908,
          0.03859,
          0.03226,
          -0.004661,
          -0.009119
        ],
        [
          0.01032,
          1.0,
          0.047946,
          0.017795,
          -0.007911,
          0.001119,
          0.004401,
          -0.005794,
          0.017568,
          0.034099,
          0.003051,
          -0.000254
        ],
        [
          -0.010083,
          0.047946,
          1.0,
          0.005796,
          -0.010327,
          -0.001481,
          -0.007212,
          0.017522,
          0.002008,
          0.019032,
          0.00021,
          0.001053
        ],
        [
          0.005553,
          0.017795,
          0.005796,
          1.0,
          -0.006545,
          -0.011877,
          -0.001555,
          0.002179,
          0.004325,
          0.018716,
          0.021218,
          0.015453
        ],
        [
          0.032945,
          -0.007911,
          -0.010327,
          -0.006545,
          1.0,
          0.051356,
          0.044348,
          -0.000508,
          0.03738,
          0.023205,
          0.000624,
          0.007932
        ],
        [
          0.041937,
          0.001119,
          -0.001481,
          -0.011877,
          0.051356,
          1.0,
          0.061458,
          -0.003431,
          0.053607,
          0.045619,
          0.020078,
          0.000165
        ],
        [
          0.033831,
          0.004401,
          -0.007212,
          -0.001555,
          0.044348,
          0.061458,
          1.0,
          2.6e-05,
          0.059557,
          0.042141,
          -0.008014,
          -0.009895
        ],
        [
          0.017908,
          -0.005794,
          0.017522,
          0.002179,
          -0.000508,
          -0.003431,
          2.6e-05,
          1.0,
          -0.010971,
          0.003175,
          0.005652,
          0.003099
        ],
        [
          0.03859,
          0.017568,
          0.002008,
          0.004325,
          0.03738,
          0.053607,
          0.059557,
          -0.010971,
          1.0,
          0.033273,
          0.008882,
          -0.003418
        ],
        [
          0.03226,
          0.034099,
          0.019032,
          0.018716,
          0.023205,
          0.045619,
          0.042141,
          0.003175,
          0.033273,
          1.0,
          -0.004271,
          0.001393
        ],
        [
          -0.004661,
          0.003051,
          0.00021,
          0.021218,
          0.000624,
          0.020078,
          -0.008014,
          0.005652,
          0.008882,
          -0.004271,
          1.0,
          0.021779
        ],
        [
          -0.009119,
          -0.000254,
          0.001053,
          0.015453,
          0.007932,
          0.000165,
          -0.009895,
          0.003099,
          -0.003418,
          0.001393,
          0.021779,
          1.0
        ]
      ],
      "significant": [
        [
          true,
          false,
          false,
          false,
          true,
          true,
          true,
          true,
          true,
          true,
          false,
          false
        ],
        [
          false,
          true,
          true,
          false,
          false,
          false,
          false,
          false,
          false,
          true,
          false,
          false
        ],
        [
          false,
          true,
          true,
          false,
          false,
          false,
          false,
          false,
          false,
          true,
          false,
          false
        ],
        [
          false,
          false,
          false,
          true,
          false,
          false,
          false,
          false,
          false,
          true,
          true,
          false
        ],
        [
          true,
          false,
          false,
          false,
          true,
          true,
          true,
          false,
          true,
          true,
          false,
          false
        ],
        [
          true,
          false,
          false,
          false,
          true,
          true,
          true,
          false,
          true,
          true,
          true,
          false
        ],
        [
          true,
          false,
          false,
          false,
          true,
          true,
          true,
          false,
          true,
          true,
          false,
          false
        ],
        [
          true,
          false,
          false,
          false,
          false,
          false,
          false,
          true,
          false,
          false,
          false,
          false
        ],
        [
          true,
          false,
          false,
          false,
          true,
          true,
          true,
          false,
          true,
          true,
          false,
          false
        ],
        [
          true,
          true,
          true,
          true,
          true,
          true,
          true,
          false,
          true,
          true,
          false,
          false
        ],
        [
          false,
          false,
          false,
          true,
          false,
          true,
          false,
          false,
          false,
          false,
          true,
          true
        ],
        [
          false,
          false,
          false,
          false,
          false,
          false,
          false,
          false,
          false,
          false,
          true,
          true
        ]
      ]
    },
    {
      "spread": "IC",
      "prob": 1.0,
      "n_rows": 144000,
      "avg": 0.229053,
      "std": 0.365968,
      "removed": 76,
      "labels": [
        "dir=IN;k=0",
        "dir=IN;k=1",
        "dir=IN;k=4",
        "dir=IN;k=6",
        "dir=OUT;k=0",
        "dir=OUT;k=1",
        "dir=OUT;k=4",
        "dir=OUT;k=6",
        "dir=ALL;k=0",
        "dir=ALL;k=1",
        "dir=ALL;k=4",
        "dir=ALL;k=6"
      ],
      "matrix": [
        [
          1.0,
          0.008539,
          0.012542,
          null,
          0.03163,
          0.049742,
          0.175887,
          null,
          0.026141,
          0.032578,
          null,
          null
        ],
        [
          0.008539,
          1.0,
          0.247094,
          null,
          0.005259,
          0.00841,
          0.02006,
          null,
          0.0076,
          0.061752,
          null,
          null
        ],
        [
          0.012542,
          0.247094,
          1.0,
          null,
          0.004509,
          -0.010592,
          -0.012063,
          null,
          -0.004936,
          0.145327,
          null,
          null
        ],
        [
          null,
          null,
          null,
          1.0,
          null,
          null,
          null,
          null,
          null,
          null,
          null,
          null
        ],
        [
          0.03163,
          0.005259,
          0.004509,
          null,
          1.0,
          0.057308,
          0.160474,
          null,
          0.033609,
          0.026936,
          null,
          null
        ],
        [
          0.049742,
          0.00841,
          -0.010592,
          null,
          0.057308,
          1.0,
          0.231235,
          null,
          0.048735,
          0.051512,
          null,
          null
        ],
        [
          0.175887,
          0.02006,
          -0.012063,
          null,
          0.160474,
          0.231235,
          1.0,
          null,
          0.179721,
          0.156912,
          null,
          null
        ],
        [
          null,
          null,
          null,
          null,
          null,
          null,
          null,
          1.0,
          null,
          null,
          null,
          null
        ],
        [
          0.026141,
          0.0076,
          -0.004936,
          null,
          0.033609,
          0.048735,
          0.179721,
          null,
          1.0,
          0.031868,
          null,
          null
        ],
        [
          0.032578,
          0.061752,
          0.145327,
          null,
          0.026936,
          0.051512,
          0.156912,
          null,
          0.031868,
          1.0,
          null,
          null
        ],
        [
          null,
          null,
          null,
          null,
          null,
          null,
          null,
          null,
          null,
          null,
          1.0,
          null
        ],
        [
          null,
          null,
          null,
          null,
          null,
          null,
          null,
          null,
          null,
          null,
          null,
          1.0
        ]
      ],
      "significant": [
        [
          true,
          false,
          false,
          false,
          true,
          true,
          true,
          false,
          true,
          true,
          false,
          false
        ],
        [
          false,
          true,
          true,
          false,
          false,
          false,
          true,
          false,
          false,
          true,
          false,
          false
        ],
        [
          false,
          true,
          true,
          false,
          false,
          false,
          false,
          false,
          false,
          true,
          false,
          false
        ],
        [
          false,
          false,
          false,
          true,
          false,
          false,
          false,
          false,
          false,
          false,
          false,
          false
        ],
        [
          true,
          false,
          false,
          false,
          true,
          true,
          true,
          false,
          true,
          true,
          false,
          false
        ],
        [
          true,
          false,
          false,
          false,
          true,
          true,
          true,
          false,
          true,
          true,
          false,
          false
        ],
        [
          true,
          true,
          false,
          false,
          true,
          true,
          true,
          false,
          true,
          true,
          false,
          false
        ],
        [
          false,
          false,
          false,
          false,
          false,
          false,
          false,
          true,
          false,
          false,
          false,
          false
        ],
        [
          true,
          false,
          false,
          false,
          true,
          true,
          true,
          false,
          true,
          true,
          false,
          false
        ],
        [
          true,
          true,
          true,
          false,
          true,
          true,
          true,
          false,
          true,
          true,
          false,
          false
        ],
        [
          false,
          false,
          false,
          false,
          false,
          false,
          false,
          false,
          false,
          false,
          true,
          false
        ],
        [
          false,
          false,
          false,
          false,
          false,
          false,
          false,
          false,
          false,
          false,
          false,
          true
        ]
      ]
    }
  ]
}