{
  "network_id": 23,
  "spread_model": "IC",
  "correlations": [
    {
      "spread": "IC",
      "prob": 0.25,
      "n_rows": 144000,
      "avg": 0.084688,
      "std": 0.277072,
      "removed": 0,
      "labels": [
        "dir=IN;k=0",
        "dir=IN;k=1",
        "dir=IN;k=4",
        "dir=IN;k=6",
        "dir=OUT;k=0",
        "dir=OUT;k=1",
        "dir=OUT;k=4",
        "dir=OUT;k=6",
        "dir=ALL;k=0",
        "dir=ALL;k=1",
        "dir=ALL;k=4",
        "dir=ALL;k=6"
      ],
      "matrix": [
        [
          1.0,
          0.005255,
          0.001818,
          -0.011737,
          0.000499,
          -0.003974,
          0.023285,
          -0.010972,
          0.009902,
          -0.000649,
          -0.008872,
          0.012979
        ],
        [
          0.005255,
          1.0,
          0.009487,
          -0.001614,
          -0.007213,
          -0.004995,
          -0.006523,
          0.012102,
          0.022984,
          0.005332,
          -0.004226,
          -0.010854
        ],
        [
          0.001818,
          0.009487,
          1.0,
          -0.008222,
          0.008188,
          -0.007971,
          -0.001612,
          -0.001815,
          0.005883,
          -0.007483,
          -0.012186,
          -0.001315
        ],
        [
          -0.011737,
          -0.001614,
          -0.008222,
          1.0,
          -0.001712,
          0.002992,
          0.008976,
          0.003417,
          -0.004041,
          -0.000132,
          -0.009381,
          -0.024805
        ],
        [
          0.000499,
          -0.007213,
          0.008188,
          -0.001712,
          1.0,
          0.010398,
          -0.001307,
          -0.001759,
          0.005289,
          0.001693,
          0.011013,
          0.020709
        ],
        [
          -0.003974,
          -0.004995,
          -0.007971,
          0.002992,
          0.010398,
          1.0,
          -0.009016,
          0.00673,
          0.014184,
          -0.002606,
          0.006315,
          0.007096
        ],
        [
          0.023285,
          -0.006523,
          -0.001612,
          0.008976,
          -0.001307,
          -0.009016,
          1.0,
          -0.009362,
          0.011175,
          0.004839,
          0.004814,
          -0.001327
        ],
        [
          -0.010972,
          0.012102,
          -0.001815,
          0.003417,
          -0.001759,
          0.00673,
          -0.009362,
          1.0,
          -0.00532,
          6.4e-05,
          0.003778,
          0.000672
        ],
        [
          0.009902,
          0.022984,
          0.005883,
          -0.004041,
          0.005289,
          0.014184,
          0.011175,
          -0.00532,
          1.0,
          0.018314,
          0.003477,
          0.001089
        ],
        [
          -0.000649,
          0.005332,
          -0.007483,
          -0.000132,
          0.001693,
          -0.002606,
          0.004839,
          6.4e-05,
          0.018314,
          1.0,
          0.006048,
          0.00428
        ],
        [
          -0.008872,
          -0.004226,
          -0.012186,
          -0.009381,
          0.011013,
          0.006315,
          0.004814,
          0.003778,
          0.003477,
          0.006048,
          1.0,
          0.005475
        ],
        [
          0.012979,
          -0.010854,
          -0.001315,
          -0.024805,
          0.020709,
          0.007096,
          -0.001327,
          0.000672,
          0.001089,
          0.00428,
          0.005475,
          1.0
        ]
      ],
      "significant": [
        [
          true,
          false,
          false,
          false,
          false,
          false,
          true,
          false,
          false,
          false,
          false,
          false
        ],
        [
          false,
          true,
          false,
          false,
          false,
          false,
          false,
          false,
          true,
          false,
          false,
          false
        ],
        [
          false,
          false,
          true,
          false,
          false,
          false,
          false,
          false,
          false,
          false,
          false,
          false
        ],
        [
          false,
          false,
          false,
          true,
          false,
          false,
          false,
          false,
          false,
          false,
          false,
          true
        ],
        [
          false,
          false,
          false,
          false,
          true,
          false,
          false,
          false,
          false,
          false,
          false,
          true
        ],
        [
          false,
          false,
          false,
          false,
          false,
          true,
          false,
          false,
          false,
          false,
          false,
          false
        ],
        [
          true,
          false,
          false,
          false,
          false,
          false,
          true,
          false,
          false,
          false,
          false,
          false
        ],
        [
          false,
          false,
          false,
          false,
          false,
          false,
          false,
          true,
          false,
          false,
          false,
          false
        ],
        [
          false,
          true,
          false,
          false,
          false,
          false,
          false,
          false,
          true,
          true,
          false,
          false
        ],
        [
          false,
          false,
          false,
          false,
          false,
          false,
          false,
          false,
          true,
          true,
          false,
          false
        ],
        [
          false,
          false,
          false,
          false,
          false,
          false,
          false,
          false,
          false,
          false,
          true,
          false
        ],
        [
          false,
          false,
          false,
          true,
          true,
          false,
          false,
          false,
          false,
          false,
          false,
          true
        ]
      ]
    },
    {
      "spread": "IC",
      "prob": 0.5,
      "n_rows": 144000,
      "avg": 0.083952,
      "std": 0.277319,
      "removed": 0,
      "labels": [
        "dir=IN;k=0",
        "dir=IN;k=1",
        "dir=IN;k=4",
        "dir=IN;k=6",
        "dir=OUT;k=0",
        "dir=OUT;k=1",
        "dir=OUT;k=4",
        "dir=OUT;k=6",
        "dir=ALL;k=0",
        "dir=ALL;k=1",
        "dir=ALL;k=4",
        "dir=ALL;k=6"
      ],
      "matrix": [
        [
          1.0,
          0.015234,
          -0.002806,
          -0.011755,
          0.009982,
          0.019043,
          -0.010187,
          0.013848,
          0.014308,
          0.0129,
          0.009301,
          -0.009528
        ],
        [
          0.015234,
          1.0,
          0.004427,
          -0.010833,
          0.011177,
          -0.003158,
          -0.009554,
          0.00869,
          -0.004416,
          0.019026,
          -0.01624,
          -0.005008
        ],
        [
          -0.002806,
          0.004427,
          1.0,
          0.005916,
          -0.001821,
          0.00753,
          0.0019,
          0.003926,
          -0.00367,
          0.016896,
          0.001375,
          -0.013095
        ],
        [
          -0.011755,
          -0.010833,
          0.005916,
          1.0,
          -0.002305,
          -0.001478,
          -0.003672,
          0.005056,
          0.013825,
          -0.009834,
          -0.000424,
          0.00886
        ],
        [
          0.009982,
          0.011177,
          -0.001821,
          -0.002305,
          1.0,
          0.01585,
          -0.005044,
          -0.001951,
          0.006103,
          0.000678,
          -0.009254,
          -0.007414
        ],
        [
          0.019043,
          -0.003158,
          0.00753,
          -0.001478,
          0.01585,
          1.0,
          -0.002,
          -0.005539,
          0.016443,
          0.012982,
          -0.006103,
          0.006718
        ],
        [
          -0.010187,
          -0.009554,
          0.0019,
          -0.003672,
          -0.005044,
          -0.002,
          1.0,
          -0.005411,
          0.005682,
          -0.005947,
          -0.01323,
          -0.006962
        ],
        [
          0.013848,
          0.00869,
          0.003926,
          0.005056,
          -0.001951,
          -0.005539,
          -0.005411,
          1.0,
          -0.006437,
          -0.006472,
          -0.004633,
          -0.015787
        ],
        [
          0.014308,
          -0.004416,
          -0.00367,
          0.013825,
          0.006103,
          0.016443,
          0.005682,
          -0.006437,
          1.0,
          -0.012252,
          -0.013352,
          0.019483
        ],
        [
          0.0129,
          0.019026,
          0.016896,
          -0.009834,
          0.000678,
          0.012982,
          -0.005947,
          -0.006472,
          -0.012252,
          1.0,
          0.006124,
          0.000696
        ],
        [
          0.009301,
          -0.01624,
          0.001375,
          -0.000424,
          -0.009254,
          -0.006103,
          -0.01323,
          -0.004633,
          -0.013352,
          0.006124,
          1.0,
          -0.001867
        ],
        [
          -0.009528,
          -0.005008,
          -0.013095,
          0.00886,
          -0.007414,
          0.006718,
          -0.006962,
          -0.015787,
          0.019483,
          0.000696,
          -0.001867,
          1.0
        ]
      ],
      "significant": [
        [
          true,
          false,
          false,
          false,
          false,
          true,
          false,
          false,
          false,
          false,
          false,
          false
        ],
        [
          false,
          true,
          false,
          false,
          false,
          false,
          false,
          false,
          false,
          true,
          false,
          false
        ],
        [
          false,
          false,
          true,
          false,
          false,
          false,
          false,
          false,
          false,
          false,
          false,
          false
        ],
        [
          false,
          false,
          false,
          true,
          false,
          false,
          false,
          false,
          false,
          false,
          false,
          false
        ],
        [
          false,
          false,
          false,
          false,
          true,
          false,
          false,
          false,
          false,
          false,
          false,
          false
        ],
        [
          true,
          false,
          false,
          false,
          false,
          true,
          false,
          false,
          false,
          false,
          false,
          false
        ],
        [
          false,
          false,
          false,
          false,
          false,
          false,
          true,
          false,
          false,
          false,
          false,
          false
        ],
        [
          false,
          false,
          false,
          false,
          false,
          false,
          false,
          true,
          false,
          false,
          false,
          false
        ],
        [
          false,
          false,
          false,
          false,
          false,
          false,
          false,
          false,
          true,
          false,
          false,
          true
        ],
        [
          false,
          true,
          false,
          false,
          false,
          false,
          false,
          false,
          false,
          true,
          false,
          false
        ],
        [
          false,
          false,
          false,
          false,
          false,
          false,
          false,
          false,
          false,
          false,
          true,
          false
        ],
        [
          false,
          false,
          false,
          false,
          false,
          false,
          false,
          false,
          true,
          false,
          false,
          true
        ]
      ]
    },
    {
      "spread": "IC",
      "prob": 0.75,
      "n_rows": 144000,
      "avg": 0.084823,
      "std": 0.277174,
      "removed": 0,
      "labels": [
        "dir=IN;k=0",
        "dir=IN;k=1",
        "dir=IN;k=4",
        "dir=IN;k=6",
        "dir=OUT;k=0",
        "dir=OUT;k=1",
        "dir=OUT;k=4",
        "dir=OUT;k=6",
        "dir=ALL;k=0",
        "dir=ALL;k=1",
        "dir=ALL;k=4",
        "dir=ALL;k=6"
      ],
      "matrix": [
        [
          1.0,
          -0.019726,
          0.003144,
          -0.005767,
          0.018247,
          0.015721,
          0.017083,
          -0.003736,
          0.006543,
          0.007925,
          0.004941,
          -0.011996
        ],
        [
          -0.019726,
          1.0,
          -0.009677,
          0.011062,
          0.006429,
          -0.001286,
          -0.005209,
          -0.006203,
          0.00032,
          0.040976,
          0.014332,
          0.01673
        ],
        [
          0.003144,
          -0.009677,
          1.0,
          0.000766,
          0.001991,
          -0.003605,
          -0.006074,
          -0.000992,
          0.002164,
          0.001634,
          0.000839,
          -0.009501
        ],
        [
          -0.005767,
          0.011062,
          0.000766,
          1.0,
          -0.011353,
          -0.00786,
          -0.00703,
          -0.014341,
          0.021977,
          -0.015872,
          -0.001048,
          -0.017676
        ],
        [
          0.018247,
          0.006429,
          0.001991,
          -0.011353,
          1.0,
          0.006772,
          0.003963,
          -0.000476,
          -0.00535,
          0.025479,
          -0.006411,
          -0.009676
        ],
        [
          0.015721,
          -0.001286,
          -0.003605,
          -0.00786,
          0.006772,
          1.0,
          -0.005548,
          0.002744,
          0.030793,
          0.038922,
          -0.015519,
          -0.005092
        ],
        [
          0.017083,
          -0.005209,
          -0.006074,
          -0.00703,
          0.003963,
          -0.005548,
          1.0,
          -0.007805,
          -0.008289,
          -0.012257,
          -0.001304,
          0.005129
        ],
        [
          -0.003736,
          -0.006203,
          -0.000992,
          -0.014341,
          -0.000476,
          0.002744,
          -0.007805,
          1.0,
          0.00063,
          0.016567,
          0.007889,
          0.000926
        ],
        [
          0.006543,
          0.00032,
          0.002164,
          0.021977,
          -0.00535,
          0.030793,
          -0.008289,
          0.00063,
          1.0,
          0.016017,
          -0.019983,
          0.01116
        ],
        [
          0.007925,
          0.040976,
          0.001634,
          -0.015872,
          0.025479,
          0.038922,
          -0.012257,
          0.016567,
          0.016017,
          1.0,
          0.013031,
          0.000513
        ],
        [
          0.004941,
          0.014332,
          0.000839,
          -0.001048,
          -0.006411,
          -0.015519,
          -0.001304,
          0.007889,
          -0.019983,
          0.013031,
          1.0,
          -0.009412
        ],
        [
          -0.011996,
          0.01673,
          -0.009501,
          -0.017676,
          -0.009676,
          -0.005092,
          0.005129,
          0.000926,
          0.01116,
          0.000513,
          -0.009412,
          1.0
        ]
      ],
      "significant": [
        [
          true,
          true,
          false,
          false,
          true,
          false,
          false,
          false,
          false,
          false,
          false,
          false
        ],
        [
          true,
          true,
          false,
          false,
          false,
          false,
          false,
          false,
          false,
          true,
          false,
          false
        ],
        [
          false,
          false,
          true,
          false,
          false,
          false,
          false,
          false,
          false,
          false,
          false,
          false
        ],
        [
          false,
          false,
          false,
          true,
          false,
          false,
          false,
          false,
          true,
          false,
          false,
          false
        ],
        [
          true,
          false,
          false,
          false,
          true,
          false,
          false,
          false,
          false,
          true,
          false,
          false
        ],
        [
          false,
          false,
          false,
          false,
          false,
          true,
          false,
          false,
          true,
          true,
          false,
          false
        ],
        [
          false,
          false,
          false,
          false,
          false,
          false,
          true,
          false,
          false,
          false,
          false,
          false
        ],
        [
          false,
          false,
          false,
          false,
          false,
          false,
          false,
          true,
          false,
          false,
          false,
          false
        ],
        [
          false,
          false,
          false,
          true,
          false,
          true,
          false,
          false,
          true,
          false,
          true,
          false
        ],
        [
          false,
          true,
          false,
          false,
          true,
          true,
          false,
          false,
          false,
          true,
          false,
          false
        ],
        [
          false,
          false,
          false,
          false,
          false,
          false,
          false,
          false,
          true,
          false,
          true,
          false
        ],
        [
          false,
          false,
          false,
          false,
          false,
          false,
          false,
          false,
          false,
          false,
          false,
          true
        ]
      ]
    },
    {
      "spread": "IC",
      "prob": 1.0,
      "n_rows": 144000,
      "avg": 0.188122,
      "std": 0.378838,
      "removed": 76,
      "labels": [
        "dir=IN;k=0",
        "dir=IN;k=1",
        "dir=IN;k=4",
        "dir=IN;k=6",
        "dir=OUT;k=0",
        "dir=OUT;k=1",
        "dir=OUT;k=4",
        "dir=OUT;k=6",
        "dir=ALL;k=0",
        "dir=ALL;k=1",
        "dir=ALL;k=4",
        "dir=ALL;k=6"
      ],
      "matrix": [
        [
          1.0,
          -0.001379,
          0.010263,
          null,
          0.004191,
          0.01186,
          0.002016,
          null,
          0.006332,
          0.013202,
          null,
          null
        ],
        [
          -0.001379,
          1.0,
          0.015811,
          null,
          0.00243,
          0.01556,
          0.015808,
          null,
          3.6e-05,
          0.057004,
          null,
          null
        ],
        [
          0.010263,
          0.015811,
          1.0,
          null,
          0.010247,
          0.015809,
          -8.3e-05,
          null,
          0.01021,
          0.015811,
          null,
          null
        ],
        [
          null,
          null,
          null,
          1.0,
          null,
          null,
          null,
          null,
          null,
          null,
          null,
          null
        ],
        [
          0.004191,
          0.00243,
          0.010247,
          null,
          1.0,
          0.00754,
          0.002033,
          null,
          0.019271,
          0.028609,
          null,
          null
        ],
        [
          0.01186,
          0.01556,
          0.015809,
          null,
          0.00754,
          1.0,
          0.015809,
          null,
          0.026945,
          0.056337,
          null,
          null
        ],
        [
          0.002016,
          0.015808,
          -8.3e-05,
          null,
          0.002033,
          0.015809,
          1.0,
          null,
          0.001948,
          0.015808,
          null,
          null
        ],
        [
          null,
          null,
          null,
          null,
          null,
          null,
          null,
          1.0,
          null,
          null,
          null,
          null
        ],
        [
          0.006332,
          3.6e-05,
          0.01021,
          null,
          0.019271,
          0.026945,
          0.001948,
          null,
          1.0,
          0.016732,
          null,
          null
        ],
        [
          0.013202,
          0.057004,
          0.015811,
          null,
          0.028609,
          0.056337,
          0.015808,
          null,
          0.016732,
          1.0,
          null,
          null
        ],
        [
          null,
          null,
          null,
          null,
          null,
          null,
          null,
          null,
          null,
          null,
          1.0,
          null
        ],
        [
          null,
          null,
          null,
          null,
          null,
          null,
          null,
          null,
          null,
          null,
          null,
          1.0
        ]
      ],
      "significant": [
        [
          true,
          false,
          false,
          false,
          false,
          false,
          false,
          false,
          false,
          false,
          false,
          false
        ],
        [
          false,
          true,
          false,
          false,
          false,
          false,
          false,
          false,
          false,
          true,
          false,
          false
        ],
        [
          false,
          false,
          true,
          false,
          false,
          false,
          false,
          false,
          false,
          false,
          false,
          false
        ],
        [
          false,
          false,
          false,
          true,
          false,
          false,
          false,
          false,
          false,
          false,
          false,
          false
        ],
        [
          false,
          false,
          false,
          false,
          true,
          false,
          false,
          false,
          true,
          true,
          false,
          false
        ],
        [
          false,
          false,
          false,
          false,
          false,
          true,
          false,
          false,
          true,
          true,
          false,
          false
        ],
        [
          false,
          false,
          false,
          false,
          false,
          false,
          true,
          false,
          false,
          false,
          false,
          false
        ],
        [
          false,
          false,
          false,
          false,
          false,
          false,
          false,
          true,
          false,
          false,
          false,
          false
        ],
        [
          false,
          false,
          false,
          false,
          true,
          true,
          false,
          false,
          true,
          false,
          false,
          false
        ],
        [
          false,
          true,
          false,
          false,
          true,
          true,
          false,
          false,
          false,
          true,
          false,
          false
        ],
        [
          false,
          false,
          false,
          false,
          false,
          false,
          false,
          false,
          false,
          false,
          true,
          false
        ],
        [
          false,
          false,
          false,
          false,
          false,
          false,
          false,
          false,
          false,
          false,
          false,
          true
        ]
      ]
    }
  ]
}