{
  "network_id": 24,
  "spread_model": "IC",
  "correlations": [
    {
      "spread": "IC",
      "prob": 0.25,
      "n_rows": 144000,
      "avg": 0.087361,
      "std": 0.276326,
      "removed": 0,
      "labels": [
        "dir=IN;k=0",
        "dir=IN;k=1",
        "dir=IN;k=4",
        "dir=IN;k=6",
        "dir=OUT;k=0",
        "dir=OUT;k=1",
        "dir=OUT;k=4",
        "dir=OUT;k=6",
        "dir=ALL;k=0",
        "dir=ALL;k=1",
        "dir=ALL;k=4",
        "dir=ALL;k=6"
      ],
      "matrix": [
        [
          1.0,
          0.008253,
          0.00572,
          -0.006822,
          0.011057,
          0.029736,
          0.017545,
          -0.014192,
          0.023288,
          0.027374,
          -0.00831,
          0.022463
        ],
        [
          0.008253,
          1.0,
          0.002526,
          0.022555,
          0.016573,
          0.004358,
          -0.007306,
          -0.014015,
          0.005528,
          0.004948,
          -0.000336,
          0.006715
        ],
        [
          0.00572,
          0.002526,
          1.0,
          -0.003864,
          0.002463,
          0.01845,
          0.00627,
          0.004789,
          -0.00195,
          -0.004961,
          -0.007424,
          0.01174
        ],
        [
          -0.006822,
          0.022555,
          -0.003864,
          1.0,
          -0.005873,
          0.005123,
          0.000704,
          0.003365,
          -0.002673,
          0.011727,
          -0.002508,
          -0.014775
        ],
        [
          0.011057,
          0.016573,
          0.002463,
          -0.005873,
          1.0,
          0.005077,
          -0.004445,
          -0.012881,
          0.003808,
          0.00603,
          0.002248,
          0.016524
        ],
        [
          0.029736,
          0.004358,
          0.01845,
          0.005123,
          0.005077,
          1.0,
          0.004161,
          0.023012,
          0.019089,
          0.023333,
          0.006092,
          -0.004855
        ],
        [
          0.017545,
          -0.007306,
          0.00627,
          0.000704,
          -0.004445,
          0.004161,
          1.0,
          0.000903,
          0.007174,
          5.1e-05,
          0.012211,
          0.012041
        ],
        [
          -0.014192,
          -0.014015,
          0.004789,
          0.003365,
          -0.012881,
          0.023012,
          0.000903,
          1.0,
          -0.008784,
          0.011954,
          -0.004618,
          -0.00161
        ],
        [
          0.023288,
          0.005528,
          -0.00195,
          -0.002673,
          0.003808,
          0.019089,
          0.007174,
          -0.008784,
          1.0,
          0.010793,
          -0.015607,
          -0.002802
        ],
        [
          0.027374,
          0.004948,
          -0.004961,
          0.011727,
          0.00603,
          0.023333,
          5.1e-05,
          0.011954,
          0.010793,
          1.0,
          0.01081,
          -0.005954
        ],
        [
          -0.00831,
          -0.000336,
          -0.007424,
          -0.002508,
          0.002248,
          0.006092,
          0.012211,
          -0.004618,
          -0.015607,
          0.01081,
          1.0,
          -0.002053
        ],
        [
          0.022463,
          0.006715,
          0.01174,
          -0.014775,
          0.016524,
          -0.004855,
          0.012041,
          -0.00161,
          -0.002802,
          -0.005954,
          -0.002053,
          1.0
        ]
      ],
      "significant": [
        [
          true,
          false,
          false,
          false,
          false,
          true,
          false,
          false,
          true,
          true,
          false,
          true
        ],
        [
          false,
          true,
          false,
          true,
          false,
          false,
          false,
          false,
          false,
          false,
          false,
          false
        ],
        [
          false,
          false,
          true,
          false,
          false,
          true,
          false,
          false,
          false,
          false,
          false,
          false
        ],
        [
          false,
          true,
          false,
          true,
          false,
          false,
          false,
          false,
          false,
          false,
          false,
          false
        ],
        [
          false,
          false,
          false,
          false,
          true,
          false,
          false,
          false,
          false,
          false,
          false,
          false
        ],
        [
          true,
          false,
          true,
          false,
          false,
          true,
          false,
          true,
          true,
          true,
          false,
          false
        ],
        [
          false,
          false,
          false,
          false,
          false,
          false,
          true,
          false,
          false,
          false,
          false,
          false
        ],
        [
          false,
          false,
          false,
          false,
          false,
          true,
          false,
          true,
          false,
          false,
          false,
          false
        ],
        [
          true,
          false,
          false,
          false,
          false,
          true,
          false,
          false,
          true,
          false,
          false,
          false
        ],
        [
          true,
          false,
          false,
          false,
          false,
          true,
          false,
          false,
          false,
          true,
          false,
          false
        ],
        [
          false,
          false,
          false,
          false,
          false,
          false,
          false,
          false,
          false,
          false,
          true,
          false
        ],
        [
          true,
          false,
          false,
          false,
          false,
          false,
          false,
          false,
          false,
          false,
          false,
          true
        ]
      ]
    },
    {
      "spread": "IC",
      "prob": 0.5,
      "n_rows": 144000,
      "avg": 0.083879,
      "std": 0.277343,
      "removed": 0,
      "labels": [
        "dir=IN;k=0",
        "dir=IN;k=1",
        "dir=IN;k=4",
        "dir=IN;k=6",
        "dir=OUT;k=0",
        "dir=OUT;k=1",
        "dir=OUT;k=4",
        "dir=OUT;k=6",
        "dir=ALL;k=0",
        "dir=ALL;k=1",
        "dir=ALL;k=4",
        "dir=ALL;k=6"
      ],
      "matrix": [
        [
          1.0,
          -0.004543,
          -0.006524,
          0.013773,
          0.022082,
          -0.002952,
          -0.00671,
          -0.000215,
          0.00724,
          0.010938,
          -0.000112,
          0.006839
        ],
        [
          -0.004543,
          1.0,
          0.010749,
          -0.003973,
          0.002675,
          -0.007795,
          -0.002425,
          0.00733,
          -0.003197,
          0.015401,
          -9.6e-05,
          0.004351
        ],
        [
          -0.006524,
          0.010749,
          1.0,
          -0.004377,
          -0.005543,
          0.003378,
          -0.005452,
          0.012626,
          -0.01252,
          -0.007479,
          0.006563,
          0.00095
        ],
        [
          0.013773,
          -0.003973,
          -0.004377,
          1.0,
          0.013371,
          0.008395,
          -0.011476,
          -0.005647,
          -0.002485,
          0.000794,
          -0.011416,
          0.007451
        ],
        [
          0.022082,
          0.002675,
          -0.005543,
          0.013371,
          1.0,
          0.013691,
          -0.013072,
          0.010303,
          0.014446,
          0.001498,
          -0.014432,
          -0.010781
        ],
        [
          -0.002952,
          -0.007795,
          0.003378,
          0.008395,
          0.013691,
          1.0,
          -0.022932,
          -0.002616,
          0.018547,
          0.015302,
          0.017859,
          -0.005871
        ],
        [
          -0.00671,
          -0.002425,
          -0.005452,
          -0.011476,
          -0.013072,
          -0.022932,
          1.0,
          0.016599,
          -0.00603,
          0.003566,
          0.004598,
          -0.014836
        ],
        [
          -0.000215,
          0.00733,
          0.012626,
          -0.005647,
          0.010303,
          -0.002616,
          0.016599,
          1.0,
          -0.015915,
          0.002015,
          -0.009252,
          0.003762
        ],
        [
          0.00724,
          -0.003197,
          -0.01252,
          -0.002485,
          0.014446,
          0.018547,
          -0.00603,
          -0.015915,
          1.0,
          -0.006065,
          0.003573,
          -0.001381
        ],
        [
          0.010938,
          0.015401,
          -0.007479,
          0.000794,
          0.001498,
          0.015302,
          0.003566,
          0.002015,
          -0.006065,
          1.0,
          -0.004555,
          0.004379
        ],
        [
          -0.000112,
          -9.6e-05,
          0.006563,
          -0.011416,
          -0.014432,
          0.017859,
          0.004598,
          -0.009252,
          0.003573,
          -0.004555,
          1.0,
          -0.013055
        ],
        [
          0.006839,
          0.004351,
          0.00095,
          0.007451,
          -0.010781,
          -0.005871,
          -0.014836,
          0.003762,
          -0.001381,
          0.004379,
          -0.013055,
          1.0
        ]
      ],
      "significant": [
        [
          true,
          false,
          false,
          false,
          true,
          false,
          false,
          false,
          false,
          false,
          false,
          false
        ],
        [
          false,
          true,
          false,
          false,
          false,
          false,
          false,
          false,
          false,
          false,
          false,
          false
        ],
        [
          false,
          false,
          true,
          false,
          false,
          false,
          false,
          false,
          false,
          false,
          false,
          false
        ],
        [
          false,
          false,
          false,
          true,
          false,
          false,
          false,
          false,
          false,
          false,
          false,
          false
        ],
        [
          true,
          false,
          false,
          false,
          true,
          false,
          false,
          false,
          false,
          false,
          false,
          false
        ],
        [
          false,
          false,
          false,
          false,
          false,
          true,
          true,
          false,
          true,
          false,
          false,
          false
        ],
        [
          false,
          false,
          false,
          false,
          false,
          true,
          true,
          false,
          false,
          false,
          false,
          false
        ],
        [
          false,
          false,
          false,
          false,
          false,
          false,
          false,
          true,
          false,
          false,
          false,
          false
        ],
        [
          false,
          false,
          false,
          false,
          false,
          true,
          false,
          false,
          true,
          false,
          false,
          false
        ],
        [
          false,
          false,
          false,
          false,
          false,
          false,
          false,
          false,
          false,
          true,
          false,
          false
        ],
        [
          false,
          false,
          false,
          false,
          false,
          false,
          false,
          false,
          false,
          false,
          true,
          false
        ],
        [
          false,
          false,
          false,
          false,
          false,
          false,
          false,
          false,
          false,
          false,
          false,
          true
        ]
      ]
    },
    {
      "spread": "IC",
      "prob": 0.75,
      "n_rows": 144000,
      "avg": 0.086304,
      "std": 0.276679,
      "removed": 0,
      "labels": [
        "dir=IN;k=0",
        "dir=IN;k=1",
        "dir=IN;k=4",
        "dir=IN;k=6",
        "dir=OUT;k=0",
        "dir=OUT;k=1",
        "dir=OUT;k=4",
        "dir=OUT;k=6",
        "dir=ALL;k=0",
        "dir=ALL;k=1",
        "dir=ALL;k=4",
        "dir=ALL;k=6"
      ],
      "matrix": [
        [
          1.0,
          0.010889,
          -0.005543,
          0.009761,
          0.010413,
          0.020247,
          -0.012639,
          -0.003435,
          -0.008455,
          0.017427,
          0.002167,
          -0.002864
        ],
        [
          0.010889,
          1.0,
          0.003957,
          0.016924,
          0.001521,
          0.009906,
          -0.003271,
          0.006515,
          -0.013038,
          0.045048,
          0.021949,
          -0.010702
        ],
        [
          -0.005543,
          0.003957,
          1.0,
          0.001936,
          0.003599,
          0.006856,
          -0.00901,
          -0.003036,
          -0.012674,
          0.007872,
          -0.006554,
          -0.000472
        ],
        [
          0.009761,
          0.016924,
          0.001936,
          1.0,
          0.00487,
          -0.003183,
          -0.00577,
          0.000619,
          0.001112,
          0.002849,
          0.008193,
          0.001272
        ],
        [
          0.010413,
          0.001521,
          0.003599,
          0.00487,
          1.0,
          0.023836,
          -0.011015,
          0.008214,
          0.014035,
          0.012929,
          0.006629,
          -0.001181
        ],
        [
          0.020247,
          0.009906,
          0.006856,
          -0.003183,
          0.023836,
          1.0,
          0.003104,
          0.016553,
          0.021926,
          0.03947,
          -0.005822,
          -0.00148
        ],
        [
          -0.012639,
          -0.003271,
          -0.00901,
          -0.00577,
          -0.011015,
          0.003104,
          1.0,
          -0.004978,
          -0.000889,
          -0.005506,
          -0.008498,
          -0.014305
        ],
        [
          -0.003435,
          0.006515,
          -0.003036,
          0.000619,
          0.008214,
          0.016553,
          -0.004978,
          1.0,
          0.002644,
          -0.011479,
          0.013178,
          0.004759
        ],
        [
          -0.008455,
          -0.013038,
          -0.012674,
          0.001112,
          0.014035,
          0.021926,
          -0.000889,
          0.002644,
          1.0,
          0.003898,
          -0.013529,
          0.002614
        ],
        [
          0.017427,
          0.045048,
          0.007872,
          0.002849,
          0.012929,
          0.03947,
          -0.005506,
          -0.011479,
          0.003898,
          1.0,
          0.010475,
          -0.000416
        ],
        [
          0.002167,
          0.021949,
          -0.006554,
          0.008193,
          0.006629,
          -0.005822,
          -0.008498,
          0.013178,
          -0.013529,
          0.010475,
          1.0,
          -0.006569
        ],
        [
          -0.002864,
          -0.010702,
          -0.000472,
          0.001272,
          -0.001181,
          -0.00148,
          -0.014305,
          0.004759,
          0.002614,
          -0.000416,
          -0.006569,
          1.0
        ]
      ],
      "significant": [
        [
          true,
          false,
          false,
          false,
          false,
          true,
          false,
          false,
          false,
          false,
          false,
          false
        ],
        [
          false,
          true,
          false,
          false,
          false,
          false,
          false,
          false,
          false,
          true,
          true,
          false
        ],
        [
          false,
          false,
          true,
          false,
          false,
          false,
          false,
          false,
          false,
          false,
          false,
          false
        ],
        [
          false,
          false,
          false,
          true,
          false,
          false,
          false,
          false,
          false,
          false,
          false,
          false
        ],
        [
          false,
          false,
          false,
          false,
          true,
          true,
          false,
          false,
          false,
          false,
          false,
          false
        ],
        [
          true,
          false,
          false,
          false,
          true,
          true,
          false,
          false,
          true,
          true,
          false,
          false
        ],
        [
          false,
          false,
          false,
          false,
          false,
          false,
          true,
          false,
          false,
          false,
          false,
          false
        ],
        [
          false,
          false,
          false,
          false,
          false,
          false,
          false,
          true,
          false,
          false,
          false,
          false
        ],
        [
          false,
          false,
          false,
          false,
          false,
          true,
          false,
          false,
          true,
          false,
          false,
          false
        ],
        [
          false,
          true,
          false,
          false,
          false,
          true,
          false,
          false,
          false,
          true,
          false,
          false
        ],
        [
          false,
          true,
          false,
          false,
          false,
          false,
          false,
          false,
          false,
          false,
          true,
          false
        ],
        [
          false,
          false,
          false,
          false,
          false,
          false,
          false,
          false,
          false,
          false,
          false,
          true
        ]
      ]
    },
    {
      "spread": "IC",
      "prob": 1.0,
      "n_rows": 144000,
      "avg": 0.197533,
      "std": 0.346999,
      "removed": 22,
      "labels": [
        "dir=IN;k=0",
        "dir=IN;k=1",
        "dir=IN;k=4",
        "dir=IN;k=6",
        "dir=OUT;k=0",
        "dir=OUT;k=1",
        "dir=OUT;k=4",
        "dir=OUT;k=6",
        "dir=ALL;k=0",
        "dir=ALL;k=1",
        "dir=ALL;k=4",
        "dir=ALL;k=6"
      ],
      "matrix": [
        [
          1.0,
          0.007385,
          -0.000353,
          0.002934,
          -0.002002,
          0.020749,
          -0.003786,
          -0.005822,
          0.005557,
          0.000985,
          -0.001606,
          null
        ],
        [
          0.007385,
          1.0,
          0.031618,
          0.022359,
          -0.0035,
          9.8e-05,
          0.031612,
          0.022348,
          -0.002698,
          0.055336,
          0.027378,
          null
        ],
        [
          -0.000353,
          0.031618,
          1.0,
          0.707166,
          0.004122,
          0.031618,
          0.749812,
          0.353288,
          0.004072,
          0.031618,
          0.865917,
          null
        ],
        [
          0.002934,
          0.022359,
          0.707166,
          1.0,
          0.008868,
          0.022358,
          0.353288,
          -0.000167,
          0.008901,
          0.022358,
          0.408027,
          null
        ],
        [
          -0.002002,
          -0.0035,
          0.004122,
          0.008868,
          1.0,
          0.030455,
          -0.003298,
          -0.005418,
          0.009343,
          0.010626,
          -0.001199,
          null
        ],
        [
          0.020749,
          9.8e-05,
          0.031618,
          0.022358,
          0.030455,
          1.0,
          0.031614,
          0.022348,
          0.03033,
          0.052806,
          0.02738,
          null
        ],
        [
          -0.003786,
          0.031612,
          0.749812,
          0.353288,
          -0.003298,
          0.031614,
          1.0,
          0.707166,
          -0.003447,
          0.031614,
          0.865941,
          null
        ],
        [
          -0.005822,
          0.022348,
          0.353288,
          -0.000167,
          -0.005418,
          0.022348,
          0.707166,
          1.0,
          -0.005618,
          0.022348,
          0.408095,
          null
        ],
        [
          0.005557,
          -0.002698,
          0.004072,
          0.008901,
          0.009343,
          0.03033,
          -0.003447,
          -0.005618,
          1.0,
          0.012488,
          -0.001271,
          null
        ],
        [
          0.000985,
          0.055336,
          0.031618,
          0.022358,
          0.010626,
          0.052806,
          0.031614,
          0.022348,
          0.012488,
          1.0,
          0.02738,
          null
        ],
        [
          -0.001606,
          0.027378,
          0.865917,
          0.408027,
          -0.001199,
          0.02738,
          0.865941,
          0.408095,
          -0.001271,
          0.02738,
          1.0,
          null
        ],
        [
          null,
          null,
          null,
          null,
          null,
          null,
          null,
          null,
          null,
          null,
          null,
          1.0
        ]
      ],
      "significant": [
        [
          true,
          false,
          false,
          false,
          false,
          true,
          false,
          false,
          false,
          false,
          false,
          false
        ],
        [
          false,
          true,
          true,
          true,
          false,
          false,
          true,
          true,
          false,
          true,
          true,
          false
        ],
        [
          false,
          true,
          true,
          true,
          false,
          true,
          true,
          true,
          false,
          true,
          true,
          false
        ],
        [
          false,
          true,
          true,
          true,
          false,
          true,
          true,
          false,
          false,
          true,
          true,
          false
        ],
        [
          false,
          false,
          false,
          false,
          true,
          true,
          false,
          false,
          false,
          false,
          false,
          false
        ],
        [
          true,
          false,
          true,
          true,
          true,
          true,
          true,
          true,
          true,
          true,
          true,
          false
        ],
        [
          false,
          true,
          true,
          true,
          false,
          true,
          true,
          true,
          false,
          true,
          true,
          false
        ],
        [
          false,
          true,
          true,
          false,
          false,
          true,
          true,
          true,
          false,
          true,
          true,
          false
        ],
        [
          false,
          false,
          false,
          false,
          false,
          true,
          false,
          false,
          true,
          false,
          false,
          false
        ],
        [
          false,
          true,
          true,
          true,
          false,
          true,
          true,
          true,
          false,
          true,
          true,
          false
        ],
        [
          false,
          true,
          true,
          true,
          false,
          true,
          true,
          true,
          false,
          true,
          true,
          false
        ],
        [
          false,
          false,
          false,
          false,
          false,
          false,
          false,
          false,
          false,
          false,
          false,
          true
        ]
      ]
    }
  ]
}