{
  "network_id": 25,
  "spread_model": "IC",
  "correlations": [
    {
      "spread": "IC",
      "prob": 0.25,
      "n_rows": 144000,
      "avg": 0.086951,
      "std": 0.27644,
      "removed": 0,
      "labels": [
        "dir=IN;k=0",
        "dir=IN;k=1",
        "dir=IN;k=4",
        "dir=IN;k=6",
        "dir=OUT;k=0",
        "dir=OUT;k=1",
        "dir=OUT;k=4",
        "dir=OUT;k=6",
        "dir=ALL;k=0",
        "dir=ALL;k=1",
        "dir=ALL;k=4",
        "dir=ALL;k=6"
      ],
      "matrix": [
        [
          1.0,
          0.003411,
          -0.005573,
          -0.004111,
          -0.004695,
          -0.007033,
          -0.000744,
          -0.015416,
          0.014354,
          0.001817,
          -0.002247,
          0.009193
        ],
        [
          0.003411,
          1.0,
          -0.002843,
          -0.005173,
          0.01594,
          0.000136,
          -0.00084,
          0.01856,
          0.008672,
          0.018482,
          0.02586,
          0.017148
        ],
        [
          -0.005573,
          -0.002843,
          1.0,
          0.003891,
          0.020205,
          -0.009937,
          0.021908,
          0.001535,
          -0.006245,
          0.009766,
          -0.016181,
          0.006763
        ],
        [
          -0.004111,
          -0.005173,
          0.003891,
          1.0,
          -0.006987,
          0.01764,
          0.013491,
          0.016847,
          0.002545,
          -0.001931,
          -0.00736,
          -0.003706
        ],
        [
          -0.004695,
          0.01594,
          0.020205,
          -0.006987,
          1.0,
          -0.008771,
          0.008092,
          -0.003169,
          0.005711,
          0.009962,
          0.003206,
          -0.005771
        ],
        [
          -0.007033,
          0.000136,
          -0.009937,
          0.01764,
          -0.008771,
          1.0,
          -0.013578,
          0.00802,
          0.003428,
          0.014971,
          -0.005927,
          -0.004405
        ],
        [
          -0.000744,
          -0.00084,
          0.021908,
          0.013491,
          0.008092,
          -0.013578,
          1.0,
          0.015901,
          0.005315,
          0.006882,
          0.00764,
          0.008748
        ],
        [
          -0.015416,
          0.01856,
          0.001535,
          0.016847,
          -0.003169,
          0.00802,
          0.015901,
          1.0,
          0.001958,
          -0.003803,
          0.001942,
          -0.004055
        ],
        [
          0.014354,
          0.008672,
          -0.006245,
          0.002545,
          0.005711,
          0.003428,
          0.005315,
          0.001958,
          1.0,
          0.016325,
          0.010303,
          0.031849
        ],
        [
          0.001817,
          0.018482,
          0.009766,
          -0.001931,
          0.009962,
          0.014971,
          0.006882,
          -0.003803,
          0.016325,
          1.0,
          0.018799,
          -0.002453
        ],
        [
          -0.002247,
          0.02586,
          -0.016181,
          -0.00736,
          0.003206,
          -0.005927,
          0.00764,
          0.001942,
          0.010303,
          0.018799,
          1.0,
          -0.013775
        ],
        [
          0.009193,
          0.017148,
          0.006763,
          -0.003706,
          -0.005771,
          -0.004405,
          0.008748,
          -0.004055,
          0.031849,
          -0.002453,
          -0.013775,
          1.0
        ]
      ],
      "significant": [
        [
          true,
          false,
          false,
          false,
          false,
          false,
          false,
          false,
          false,
          false,
          false,
          false
        ],
        [
          false,
          true,
          false,
          false,
          false,
          false,
          false,
          true,
          false,
          true,
          true,
          false
        ],
        [
          false,
          false,
          true,
          false,
          true,
          false,
          true,
          false,
          false,
          false,
          false,
          false
        ],
        [
          false,
          false,
          false,
          true,
          false,
          false,
          false,
          false,
          false,
          false,
          false,
          false
        ],
        [
          false,
          false,
          true,
          false,
          true,
          false,
          false,
          false,
          false,
          false,
          false,
          false
        ],
        [
          false,
          false,
          false,
          false,
          false,
          true,
          false,
          false,
          false,
          false,
          false,
          false
        ],
        [
          false,
          false,
          true,
          false,
          false,
          false,
          true,
          false,
          false,
          false,
          false,
          false
        ],
        [
          false,
          true,
          false,
          false,
          false,
          false,
          false,
          true,
          false,
          false,
          false,
          false
        ],
        [
          false,
          false,
          false,
          false,
          false,
          false,
          false,
          false,
          true,
          false,
          false,
          true
        ],
        [
          false,
          true,
          false,
          false,
          false,
          false,
          false,
          false,
          false,
          true,
          true,
          false
        ],
        [
          false,
          true,
          false,
          false,
          false,
          false,
          false,
          false,
          false,
          true,
          true,
          false
        ],
        [
          false,
          false,
          false,
          false,
          false,
          false,
          false,
          false,
          true,
          false,
          false,
          true
        ]
      ]
    },
    {
      "spread": "IC",
      "prob": 0.5,
      "n_rows": 144000,
      "avg": 0.085249,
      "std": 0.277041,
      "removed": 0,
      "labels": [
        "dir=IN;k=0",
        "dir=IN;k=1",
        "dir=IN;k=4",
        "dir=IN;k=6",
        "dir=OUT;k=0",
        "dir=OUT;k=1",
        "dir=OUT;k=4",
        "dir=OUT;k=6",
        "dir=ALL;k=0",
        "dir=ALL;k=1",
        "dir=ALL;k=4",
        "dir=ALL;k=6"
      ],
      "matrix": [
        [
          1.0,
          0.002833,
          -0.005373,
          0.008515,
          -0.007622,
          0.001369,
          -0.006474,
          0.005866,
          -0.014928,
          0.004972,
          0.009345,
          -0.011062
        ],
        [
          0.002833,
          1.0,
          0.000663,
          0.014115,
          0.008074,
          -0.008205,
          0.011636,
          -0.017555,
          -0.017199,
          0.038764,
          -0.009528,
          -0.008638
        ],
        [
          -0.005373,
          0.000663,
          1.0,
          0.002177,
          0.005849,
          -0.005378,
          -0.00138,
          0.006409,
          0.010896,
          0.004416,
          0.00432,
          -0.000285
        ],
        [
          0.008515,
          0.014115,
          0.002177,
          1.0,
          0.000239,
          -0.011779,
          -0.007604,
          0.002218,
          -0.007839,
          0.000153,
          -0.00644,
          -0.018625
        ],
        [
          -0.007622,
          0.008074,
          0.005849,
          0.000239,
          1.0,
          0.013183,
          -0.003628,
          -0.014004,
          -0.002113,
          0.004526,
          0.00981,
          -0.005685
        ],
        [
          0.001369,
          -0.008205,
          -0.005378,
          -0.011779,
          0.013183,
          1.0,
          -0.003066,
          0.009475,
          0.006868,
          0.060396,
          0.012866,
          -0.003144
        ],
        [
          -0.006474,
          0.011636,
          -0.00138,
          -0.007604,
          -0.003628,
          -0.003066,
          1.0,
          0.021567,
          -0.007784,
          -0.008318,
          -0.012124,
          0.002945
        ],
        [
          0.005866,
          -0.017555,
          0.006409,
          0.002218,
          -0.014004,
          0.009475,
          0.021567,
          1.0,
          0.005225,
          0.008423,
          -0.000422,
          0.010557
        ],
        [
          -0.014928,
          -0.017199,
          0.010896,
          -0.007839,
          -0.002113,
          0.006868,
          -0.007784,
          0.005225,
          1.0,
          0.015066,
          0.020815,
          0.000644
        ],
        [
          0.004972,
          0.038764,
          0.004416,
          0.000153,
          0.004526,
          0.060396,
          -0.008318,
          0.008423,
          0.015066,
          1.0,
          0.022466,
          0.000106
        ],
        [
          0.009345,
          -0.009528,
          0.00432,
          -0.00644,
          0.00981,
          0.012866,
          -0.012124,
          -0.000422,
          0.020815,
          0.022466,
          1.0,
          -0.003604
        ],
        [
          -0.011062,
          -0.008638,
          -0.000285,
          -0.018625,
          -0.005685,
          -0.003144,
          0.002945,
          0.010557,
          0.000644,
          0.000106,
          -0.003604,
          1.0
        ]
      ],
      "significant": [
        [
          true,
          false,
          false,
          false,
          false,
          false,
          false,
          false,
          false,
          false,
          false,
          false
        ],
        [
          false,
          true,
          false,
          false,
          false,
          false,
          false,
          false,
          false,
          true,
          false,
          false
        ],
        [
          false,
          false,
          true,
          false,
          false,
          false,
          false,
          false,
          false,
          false,
          false,
          false
        ],
        [
          false,
          false,
          false,
          true,
          false,
          false,
          false,
          false,
          false,
          false,
          false,
          true
        ],
        [
          false,
          false,
          false,
          false,
          true,
          false,
          false,
          false,
          false,
          false,
          false,
          false
        ],
        [
          false,
          false,
          false,
          false,
          false,
          true,
          false,
          false,
          false,
          true,
          false,
          false
        ],
        [
          false,
          false,
          false,
          false,
          false,
          false,
          true,
          true,
          false,
          false,
          false,
          false
        ],
        [
          false,
          false,
          false,
          false,
          false,
          false,
          true,
          true,
          false,
          false,
          false,
          false
        ],
        [
          false,
          false,
          false,
          false,
          false,
          false,
          false,
          false,
          true,
          false,
          true,
          false
        ],
        [
          false,
          true,
          false,
          false,
          false,
          true,
          false,
          false,
          false,
          true,
          true,
          false
        ],
        [
          false,
          false,
          false,
          false,
          false,
          false,
          false,
          false,
          true,
          true,
          true,
          false
        ],
        [
          false,
          false,
          false,
          true,
          false,
          false,
          false,
          false,
          false,
          false,
          false,
          true
        ]
      ]
    },
    {
      "spread": "IC",
      "prob": 0.75,
      "n_rows": 144000,
      "avg": 0.085795,
      "std": 0.277128,
      "removed": 0,
      "labels": [
        "dir=IN;k=0",
        "dir=IN;k=1",
        "dir=IN;k=4",
        "dir=IN;k=6",
        "dir=OUT;k=0",
        "dir=OUT;k=1",
        "dir=OUT;k=4",
        "dir=OUT;k=6",
        "dir=ALL;k=0",
        "dir=ALL;k=1",
        "dir=ALL;k=4",
        "dir=ALL;k=6"
      ],
      "matrix": [
        [
          1.0,
          -0.000398,
          -0.007975,
          -0.003326,
          -0.006751,
          0.005073,
          -0.013489,
          -0.010209,
          0.013933,
          -0.003404,
          0.011904,
          -0.00412
        ],
        [
          -0.000398,
          1.0,
          -0.017191,
          -0.017149,
          -0.001987,
          -0.0121,
          0.003499,
          0.005267,
          -0.018154,
          0.092515,
          -0.006457,
          0.018558
        ],
        [
          -0.007975,
          -0.017191,
          1.0,
          0.000173,
          0.009578,
          -0.000349,
          0.003113,
          -0.008305,
          0.014164,
          -0.011576,
          -0.015377,
          -0.001831
        ],
        [
          -0.003326,
          -0.017149,
          0.000173,
          1.0,
          0.017494,
          -0.002414,
          -0.002264,
          0.002356,
          0.005229,
          -0.00342,
          0.009831,
          0.000733
        ],
        [
          -0.006751,
          -0.001987,
          0.009578,
          0.017494,
          1.0,
          0.000325,
          0.014344,
          0.002255,
          -0.006855,
          0.011359,
          0.004983,
          0.001234
        ],
        [
          0.005073,
          -0.0121,
          -0.000349,
          -0.002414,
          0.000325,
          1.0,
          0.000957,
          0.000938,
          0.013798,
          0.080785,
          0.028675,
          0.003493
        ],
        [
          -0.013489,
          0.003499,
          0.003113,
          -0.002264,
          0.014344,
          0.000957,
          1.0,
          0.008305,
          -0.017731,
          -0.00744,
          0.009445,
          0.009801
        ],
        [
          -0.010209,
          0.005267,
          -0.008305,
          0.002356,
          0.002255,
          0.000938,
          0.008305,
          1.0,
          -0.0017,
          -0.015616,
          -0.002085,
          -0.00395
        ],
        [
          0.013933,
          -0.018154,
          0.014164,
          0.005229,
          -0.006855,
          0.013798,
          -0.017731,
          -0.0017,
          1.0,
          0.008879,
          -0.000313,
          -0.000538
        ],
        [
          -0.003404,
          0.092515,
          -0.011576,
          -0.00342,
          0.011359,
          0.080785,
          -0.00744,
          -0.015616,
          0.008879,
          1.0,
          -0.010596,
          0.005117
        ],
        [
          0.011904,
          -0.006457,
          -0.015377,
          0.009831,
          0.004983,
          0.028675,
          0.009445,
          -0.002085,
          -0.000313,
          -0.010596,
          1.0,
          -0.005775
        ],
        [
          -0.00412,
          0.018558,
          -0.001831,
          0.000733,
          0.001234,
          0.003493,
          0.009801,
          -0.00395,
          -0.000538,
          0.005117,
          -0.005775,
          1.0
        ]
      ],
      "significant": [
        [
          true,
          false,
          false,
          false,
          false,
          false,
          false,
          false,
          false,
          false,
          false,
          false
        ],
        [
          false,
          true,
          false,
          false,
          false,
          false,
          false,
          false,
          true,
          true,
          false,
          true
        ],
        [
          false,
          false,
          true,
          false,
          false,
          false,
          false,
          false,
          false,
          false,
          false,
          false
        ],
        [
          false,
          false,
          false,
          true,
          false,
          false,
          false,
          false,
          false,
          false,
          false,
          false
        ],
        [
          false,
          false,
          false,
          false,
          true,
          false,
          false,
          false,
          false,
          false,
          false,
          false
        ],
        [
          false,
          false,
          false,
          false,
          false,
          true,
          false,
          false,
          false,
          true,
          true,
          false
        ],
        [
          false,
          false,
          false,
          false,
          false,
          false,
          true,
          false,
          false,
          false,
          false,
          false
        ],
        [
          false,
          false,
          false,
          false,
          false,
          false,
          false,
          true,
          false,
          false,
          false,
          false
        ],
        [
          false,
          true,
          false,
          false,
          false,
          false,
          false,
          false,
          true,
          false,
          false,
          false
        ],
        [
          false,
          true,
          false,
          false,
          false,
          true,
          false,
          false,
          false,
          true,
          false,
          false
        ],
        [
          false,
          false,
          false,
          false,
          false,
          true,
          false,
          false,
          false,
          false,
          true,
          false
        ],
        [
          false,
          true,
          false,
          false,
          false,
          false,
          false,
          false,
          false,
          false,
          false,
          true
        ]
      ]
    },
    {
      "spread": "IC",
      "prob": 1.0,
      "n_rows": 144000,
      "avg": 0.299954,
      "std": 0.44971,
      "removed": 102,
      "labels": [
        "dir=IN;k=0",
        "dir=IN;k=1",
        "dir=IN;k=4",
        "dir=IN;k=6",
        "dir=OUT;k=0",
        "dir=OUT;k=1",
        "dir=OUT;k=4",
        "dir=OUT;k=6",
        "dir=ALL;k=0",
        "dir=ALL;k=1",
        "dir=ALL;k=4",
        "dir=ALL;k=6"
      ],
      "matrix": [
        [
          1.0,
          -0.001728,
          null,
          null,
          0.00795,
          0.006382,
          null,
          null,
          -0.014375,
          0.006946,
          null,
          null
        ],
        [
          -0.001728,
          1.0,
          null,
          null,
          9.7e-05,
          0.004933,
          null,
          null,
          -0.003151,
          0.127548,
          null,
          null
        ],
        [
          null,
          null,
          1.0,
          null,
          null,
          null,
          null,
          null,
          null,
          null,
          null,
          null
        ],
        [
          null,
          null,
          null,
          1.0,
          null,
          null,
          null,
          null,
          null,
          null,
          null,
          null
        ],
        [
          0.00795,
          9.7e-05,
          null,
          null,
          1.0,
          0.012521,
          null,
          null,
          0.010455,
          -0.012557,
          null,
          null
        ],
        [
          0.006382,
          0.004933,
          null,
          null,
          0.012521,
          1.0,
          null,
          null,
          0.004404,
          0.134061,
          null,
          null
        ],
        [
          null,
          null,
          null,
          null,
          null,
          null,
          1.0,
          null,
          null,
          null,
          null,
          null
        ],
        [
          null,
          null,
          null,
          null,
          null,
          null,
          null,
          1.0,
          null,
          null,
          null,
          null
        ],
        [
          -0.014375,
          -0.003151,
          null,
          null,
          0.010455,
          0.004404,
          null,
          null,
          1.0,
          0.015543,
          null,
          null
        ],
        [
          0.006946,
          0.127548,
          null,
          null,
          -0.012557,
          0.134061,
          null,
          null,
          0.015543,
          1.0,
          null,
          null
        ],
        [
          null,
          null,
          null,
          null,
          null,
          null,
          null,
          null,
          null,
          null,
          1.0,
          null
        ],
        [
          null,
          null,
          null,
          null,
          null,
          null,
          null,
          null,
          null,
          null,
          null,
          1.0
        ]
      ],
      "significant": [
        [
          true,
          false,
          false,
          false,
          false,
          false,
          false,
          false,
          false,
          false,
          false,
          false
        ],
        [
          false,
          true,
          false,
          false,
          false,
          false,
          false,
          false,
          false,
          true,
          false,
          false
        ],
        [
          false,
          false,
          true,
          false,
          false,
          false,
          false,
          false,
          false,
          false,
          false,
          false
        ],
        [
          false,
          false,
          false,
          true,
          false,
          false,
          false,
          false,
          false,
          false,
          false,
          false
        ],
        [
          false,
          false,
          false,
          false,
          true,
          false,
          false,
          false,
          false,
          false,
          false,
          false
        ],
        [
          false,
          false,
          false,
          false,
          false,
          true,
          false,
          false,
          false,
          true,
          false,
          false
        ],
        [
          false,
          false,
          false,
          false,
          false,
          false,
          true,
          false,
          false,
          false,
          false,
          false
        ],
        [
          false,
          false,
          false,
          false,
          false,
          false,
          false,
          true,
          false,
          false,
          false,
          false
        ],
        [
          false,
          false,
          false,
          false,
          false,
          false,
          false,
          false,
          true,
          false,
          false,
          false
        ],
        [
          false,
          true,
          false,
          false,
          false,
          true,
          false,
          false,
          false,
          true,
          false,
          false
        ],
        [
          false,
          false,
          false,
          false,
          false,
          false,
          false,
          false,
          false,
          false,
          true,
          false
        ],
        [
          false,
          false,
          false,
          false,
          false,
          false,
          false,
          false,
          false,
          false,
          false,
          true
        ]
      ]
    }
  ]
}