{
  "network_id": 26,
  "spread_model": "IC",
  "correlations": [
    {
      "spread": "IC",
      "prob": 0.25,
      "n_rows": 144000,
      "avg": 0.084798,
      "std": 0.277072,
      "removed": 0,
      "labels": [
        "dir=IN;k=0",
        "dir=IN;k=1",
        "dir=IN;k=4",
        "dir=IN;k=6",
        "dir=OUT;k=0",
        "dir=OUT;k=1",
        "dir=OUT;k=4",
        "dir=OUT;k=6",
        "dir=ALL;k=0",
        "dir=ALL;k=1",
        "dir=ALL;k=4",
        "dir=ALL;k=6"
      ],
      "matrix": [
        [
          1.0,
          -0.004648,
          0.006627,
          0.006114,
          -0.00189,
          0.026749,
          0.002413,
          0.016451,
          -0.001272,
          0.003651,
          -0.002326,
          -0.000497
        ],
        [
          -0.004648,
          1.0,
          0.000754,
          -0.004332,
          0.00756,
          -0.007138,
          -0.00634,
          0.005108,
          -0.008683,
          0.011933,
          0.003467,
          -0.004593
        ],
        [
          0.006627,
          0.000754,
          1.0,
          -0.016519,
          -0.006025,
          -0.008334,
          0.019177,
          -0.006494,
          0.002447,
          0.013854,
          -0.024918,
          0.005398
        ],
        [
          0.006114,
          -0.004332,
          -0.016519,
          1.0,
          0.0137,
          0.008207,
          -0.003681,
          0.002869,
          0.002123,
          -0.014425,
          0.017348,
          -0.00094
        ],
        [
          -0.00189,
          0.00756,
          -0.006025,
          0.0137,
          1.0,
          0.00484,
          -0.00353,
          0.009192,
          -0.006934,
          -0.000827,
          0.009727,
          0.018266
        ],
        [
          0.026749,
          -0.007138,
          -0.008334,
          0.008207,
          0.00484,
          1.0,
          0.003713,
          0.010109,
          -0.002817,
          0.023343,
          -0.004651,
          -0.006634
        ],
        [
          0.002413,
          -0.00634,
          0.019177,
          -0.003681,
          -0.00353,
          0.003713,
          1.0,
          -5.9e-05,
          -0.004135,
          -0.016672,
          0.010755,
          -0.00042
        ],
        [
          0.016451,
          0.005108,
          -0.006494,
          0.002869,
          0.009192,
          0.010109,
          -5.9e-05,
          1.0,
          -0.009216,
          0.015629,
          -0.001722,
          0.004466
        ],
        [
          -0.001272,
          -0.008683,
          0.002447,
          0.002123,
          -0.006934,
          -0.002817,
          -0.004135,
          -0.009216,
          1.0,
          0.003055,
          0.021144,
          -0.006762
        ],
        [
          0.003651,
          0.011933,
          0.013854,
          -0.014425,
          -0.000827,
          0.023343,
          -0.016672,
          0.015629,
          0.003055,
          1.0,
          -0.010252,
          -0.004576
        ],
        [
          -0.002326,
          0.003467,
          -0.024918,
          0.017348,
          0.009727,
          -0.004651,
          0.010755,
          -0.001722,
          0.021144,
          -0.010252,
          1.0,
          -0.002497
        ],
        [
          -0.000497,
          -0.004593,
          0.005398,
          -0.00094,
          0.018266,
          -0.006634,
          -0.00042,
          0.004466,
          -0.006762,
          -0.004576,
          -0.002497,
          1.0
        ]
      ],
      "significant": [
        [
          true,
          false,
          false,
          false,
          false,
          true,
          false,
          false,
          false,
          false,
          false,
          false
        ],
        [
          false,
          true,
          false,
          false,
          false,
          false,
          false,
          false,
          false,
          false,
          false,
          false
        ],
        [
          false,
          false,
          true,
          false,
          false,
          false,
          true,
          false,
          false,
          false,
          true,
          false
        ],
        [
          false,
          false,
          false,
          true,
          false,
          false,
          false,
          false,
          false,
          false,
          false,
          false
        ],
        [
          false,
          false,
          false,
          false,
          true,
          false,
          false,
          false,
          false,
          false,
          false,
          true
        ],
        [
          true,
          false,
          false,
          false,
          false,
          true,
          false,
          false,
          false,
          true,
          false,
          false
        ],
        [
          false,
          false,
          true,
          false,
          false,
          false,
          true,
          false,
          false,
          false,
          false,
          false
        ],
        [
          false,
          false,
          false,
          false,
          false,
          false,
          false,
          true,
          false,
          false,
          false,
          false
        ],
        [
          false,
          false,
          false,
          false,
          false,
          false,
          false,
          false,
          true,
          false,
          true,
          false
        ],
        [
          false,
          false,
          false,
          false,
          false,
          true,
          false,
          false,
          false,
          true,
          false,
          false
        ],
        [
          false,
          false,
          true,
          false,
          false,
          false,
          false,
          false,
          true,
          false,
          true,
          false
        ],
        [
          false,
          false,
          false,
          false,
          true,
          false,
          false,
          false,
          false,
          false,
          false,
          true
        ]
      ]
    },
    {
      "spread": "IC",
      "prob": 0.5,
      "n_rows": 144000,
      "avg": 0.086042,
      "std": 0.276816,
      "removed": 0,
      "labels": [
        "dir=IN;k=0",
        "dir=IN;k=1",
        "dir=IN;k=4",
        "dir=IN;k=6",
        "dir=OUT;k=0",
        "dir=OUT;k=1",
        "dir=OUT;k=4",
        "dir=OUT;k=6",
        "dir=ALL;k=0",
        "dir=ALL;k=1",
        "dir=ALL;k=4",
        "dir=ALL;k=6"
      ],
      "matrix": [
        [
          1.0,
          0.009784,
          0.004219,
          -0.000713,
          0.005836,
          -0.01831,
          -0.001571,
          -0.006416,
          0.015109,
          0.020091,
          -0.007478,
          -0.011332
        ],
        [
          0.009784,
          1.0,
          0.002289,
          0.00046,
          0.019476,
          -0.004117,
          -0.005357,
          -0.010297,
          -0.017764,
          0.051697,
          0.005899,
          0.006662
        ],
        [
          0.004219,
          0.002289,
          1.0,
          -0.004713,
          0.004927,
          0.006104,
          0.011594,
          0.003877,
          0.000961,
          -0.006318,
          -0.001048,
          0.005666
        ],
        [
          -0.000713,
          0.00046,
          -0.004713,
          1.0,
          -0.005909,
          0.001188,
          -0.007215,
          -0.001116,
          -0.001253,
          0.001123,
          -0.00781,
          -0.014121
        ],
        [
          0.005836,
          0.019476,
          0.004927,
          -0.005909,
          1.0,
          0.006397,
          0.011852,
          0.007787,
          -0.006539,
          0.020371,
          0.01227,
          -0.004517
        ],
        [
          -0.01831,
          -0.004117,
          0.006104,
          0.001188,
          0.006397,
          1.0,
          -0.001432,
          -0.011305,
          0.007588,
          0.063781,
          9e-06,
          0.008424
        ],
        [
          -0.001571,
          -0.005357,
          0.011594,
          -0.007215,
          0.011852,
          -0.001432,
          1.0,
          0.022097,
          0.008238,
          0.006039,
          -0.002622,
          0.001773
        ],
        [
          -0.006416,
          -0.010297,
          0.003877,
          -0.001116,
          0.007787,
          -0.011305,
          0.022097,
          1.0,
          0.002059,
          0.001779,
          0.003794,
          0.015471
        ],
        [
          0.015109,
          -0.017764,
          0.000961,
          -0.001253,
          -0.006539,
          0.007588,
          0.008238,
          0.002059,
          1.0,
          -0.000369,
          -0.010059,
          0.000529
        ],
        [
          0.020091,
          0.051697,
          -0.006318,
          0.001123,
          0.020371,
          0.063781,
          0.006039,
          0.001779,
          -0.000369,
          1.0,
          -0.006739,
          0.000429
        ],
        [
          -0.007478,
          0.005899,
          -0.001048,
          -0.00781,
          0.01227,
          9e-06,
          -0.002622,
          0.003794,
          -0.010059,
          -0.006739,
          1.0,
          -0.006185
        ],
        [
          -0.011332,
          0.006662,
          0.005666,
          -0.014121,
          -0.004517,
          0.008424,
          0.001773,
          0.015471,
          0.000529,
          0.000429,
          -0.006185,
          1.0
        ]
      ],
      "significant": [
        [
          true,
          false,
          false,
          false,
          false,
          true,
          false,
          false,
          false,
          true,
          false,
          false
        ],
        [
          false,
          true,
          false,
          false,
          true,
          false,
          false,
          false,
          false,
          true,
          false,
          false
        ],
        [
          false,
          false,
          true,
          false,
          false,
          false,
          false,
          false,
          false,
          false,
          false,
          false
        ],
        [
          false,
          false,
          false,
          true,
          false,
          false,
          false,
          false,
          false,
          false,
          false,
          false
        ],
        [
          false,
          true,
          false,
          false,
          true,
          false,
          false,
          false,
          false,
          true,
          false,
          false
        ],
        [
          true,
          false,
          false,
          false,
          false,
          true,
          false,
          false,
          false,
          true,
          false,
          false
        ],
        [
          false,
          false,
          false,
          false,
          false,
          false,
          true,
          true,
          false,
          false,
          false,
          false
        ],
        [
          false,
          false,
          false,
          false,
          false,
          false,
          true,
          true,
          false,
          false,
          false,
          false
        ],
        [
          false,
          false,
          false,
          false,
          false,
          false,
          false,
          false,
          true,
          false,
          false,
          false
        ],
        [
          true,
          true,
          false,
          false,
          true,
          true,
          false,
          false,
          false,
          true,
          false,
          false
        ],
        [
          false,
          false,
          false,
          false,
          false,
          false,
          false,
          false,
          false,
          false,
          true,
          false
        ],
        [
          false,
          false,
          false,
          false,
          false,
          false,
          false,
          false,
          false,
          false,
          false,
          true
        ]
      ]
    },
    {
      "spread": "IC",
      "prob": 0.75,
      "n_rows": 144000,
      "avg": 0.08675,
      "std": 0.27669,
      "removed": 0,
      "labels": [
        "dir=IN;k=0",
        "dir=IN;k=1",
        "dir=IN;k=4",
        "dir=IN;k=6",
        "dir=OUT;k=0",
        "dir=OUT;k=1",
        "dir=OUT;k=4",
        "dir=OUT;k=6",
        "dir=ALL;k=0",
        "dir=ALL;k=1",
        "dir=ALL;k=4",
        "dir=ALL;k=6"
      ],
      "matrix": [
        [
          1.0,
          0.007594,
          0.005133,
          0.005262,
          -0.008372,
          0.011335,
          0.005921,
          0.007975,
          0.004921,
          -0.003748,
          0.017265,
          -0.01158
        ],
        [
          0.007594,
          1.0,
          -0.000492,
          0.001641,
          0.004027,
          -0.001571,
          -0.017516,
          0.00594,
          0.01224,
          0.070985,
          0.004964,
          -0.013942
        ],
        [
          0.005133,
          -0.000492,
          1.0,
          2.7e-05,
          0.009437,
          -0.002145,
          0.002501,
          0.002933,
          0.012952,
          0.014548,
          0.006097,
          -0.010576
        ],
        [
          0.005262,
          0.001641,
          2.7e-05,
          1.0,
          0.013852,
          -0.000761,
          -0.003566,
          0.013441,
          0.00485,
          0.002843,
          0.005422,
          0.004731
        ],
        [
          -0.008372,
          0.004027,
          0.009437,
          0.013852,
          1.0,
          0.012724,
          0.008417,
          0.001553,
          -0.007049,
          0.017978,
          0.004815,
          -0.009786
        ],
        [
          0.011335,
          -0.001571,
          -0.002145,
          -0.000761,
          0.012724,
          1.0,
          0.010336,
          -0.000462,
          0.019994,
          0.071798,
          3e-06,
          0.001203
        ],
        [
          0.005921,
          -0.017516,
          0.002501,
          -0.003566,
          0.008417,
          0.010336,
          1.0,
          -0.009468,
          -0.011056,
          -0.008827,
          -0.001221,
          -0.007951
        ],
        [
          0.007975,
          0.00594,
          0.002933,
          0.013441,
          0.001553,
          -0.000462,
          -0.009468,
          1.0,
          0.001195,
          0.011357,
          -0.007582,
          -0.017737
        ],
        [
          0.004921,
          0.01224,
          0.012952,
          0.00485,
          -0.007049,
          0.019994,
          -0.011056,
          0.001195,
          1.0,
          -0.003388,
          0.015667,
          0.002573
        ],
        [
          -0.003748,
          0.070985,
          0.014548,
          0.002843,
          0.017978,
          0.071798,
          -0.008827,
          0.011357,
          -0.003388,
          1.0,
          -0.014214,
          -0.013793
        ],
        [
          0.017265,
          0.004964,
          0.006097,
          0.005422,
          0.004815,
          3e-06,
          -0.001221,
          -0.007582,
          0.015667,
          -0.014214,
          1.0,
          -0.005672
        ],
        [
          -0.01158,
          -0.013942,
          -0.010576,
          0.004731,
          -0.009786,
          0.001203,
          -0.007951,
          -0.017737,
          0.002573,
          -0.013793,
          -0.005672,
          1.0
        ]
      ],
      "significant": [
        [
          true,
          false,
          false,
          false,
          false,
          false,
          false,
          false,
          false,
          false,
          false,
          false
        ],
        [
          false,
          true,
          false,
          false,
          false,
          false,
          false,
          false,
          false,
          true,
          false,
          false
        ],
        [
          false,
          false,
          true,
          false,
          false,
          false,
          false,
          false,
          false,
          false,
          false,
          false
        ],
        [
          false,
          false,
          false,
          true,
          false,
          false,
          false,
          false,
          false,
          false,
          false,
          false
        ],
        [
          false,
          false,
          false,
          false,
          true,
          false,
          false,
          false,
          false,
          true,
          false,
          false
        ],
        [
          false,
          false,
          false,
          false,
          false,
          true,
          false,
          false,
          true,
          true,
          false,
          false
        ],
        [
          false,
          false,
          false,
          false,
          false,
          false,
          true,
          false,
          false,
          false,
          false,
          false
        ],
        [
          false,
          false,
          false,
          false,
          false,
          false,
          false,
          true,
          false,
          false,
          false,
          false
        ],
        [
          false,
          false,
          false,
          false,
          false,
          true,
          false,
          false,
          true,
          false,
          false,
          false
        ],
        [
          false,
          true,
          false,
          false,
          true,
          true,
          false,
          false,
          false,
          true,
          false,
          false
        ],
        [
          false,
          false,
          false,
          false,
          false,
          false,
          false,
          false,
          false,
          false,
          true,
          false
        ],
        [
          false,
          false,
          false,
          false,
          false,
          false,
          false,
          false,
          false,
          false,
          false,
          true
        ]
      ]
    },
    {
      "spread": "IC",
      "prob": 1.0,
      "n_rows": 144000,
      "avg": 0.18898,
      "std": 0.379393,
      "removed": 76,
      "labels": [
        "dir=IN;k=0",
        "dir=IN;k=1",
        "dir=IN;k=4",
        "dir=IN;k=6",
        "dir=OUT;k=0",
        "dir=OUT;k=1",
        "dir=OUT;k=4",
        "dir=OUT;k=6",
        "dir=ALL;k=0",
        "dir=ALL;k=1",
        "dir=ALL;k=4",
        "dir=ALL;k=6"
      ],
      "matrix": [
        [
          1.0,
          -0.001484,
          0.010238,
          null,
          0.001096,
          0.021536,
          -0.001364,
          null,
          0.001761,
          0.001835,
          null,
          null
        ],
        [
          -0.001484,
          1.0,
          0.015811,
          null,
          -0.00356,
          0.001183,
          0.015806,
          null,
          0.006774,
          0.134394,
          null,
          null
        ],
        [
          0.010238,
          0.015811,
          1.0,
          null,
          0.010271,
          0.015806,
          -8.3e-05,
          null,
          0.010289,
          0.015807,
          null,
          null
        ],
        [
          null,
          null,
          null,
          1.0,
          null,
          null,
          null,
          null,
          null,
          null,
          null,
          null
        ],
        [
          0.001096,
          -0.00356,
          0.010271,
          null,
          1.0,
          0.01087,
          -0.001282,
          null,
          -0.005291,
          -0.001469,
          null,
          null
        ],
        [
          0.021536,
          0.001183,
          0.015806,
          null,
          0.01087,
          1.0,
          0.015808,
          null,
          0.005436,
          0.124835,
          null,
          null
        ],
        [
          -0.001364,
          0.015806,
          -8.3e-05,
          null,
          -0.001282,
          0.015808,
          1.0,
          null,
          -0.001164,
          0.015807,
          null,
          null
        ],
        [
          null,
          null,
          null,
          null,
          null,
          null,
          null,
          1.0,
          null,
          null,
          null,
          null
        ],
        [
          0.001761,
          0.006774,
          0.010289,
          null,
          -0.005291,
          0.005436,
          -0.001164,
          null,
          1.0,
          0.005661,
          null,
          null
        ],
        [
          0.001835,
          0.134394,
          0.015807,
          null,
          -0.001469,
          0.124835,
          0.015807,
          null,
          0.005661,
          1.0,
          null,
          null
        ],
        [
          null,
          null,
          null,
          null,
          null,
          null,
          null,
          null,
          null,
          null,
          1.0,
          null
        ],
        [
          null,
          null,
          null,
          null,
          null,
          null,
          null,
          null,
          null,
          null,
          null,
          1.0
        ]
      ],
      "significant": [
        [
          true,
          false,
          false,
          false,
          false,
          true,
          false,
          false,
          false,
          false,
          false,
          false
        ],
        [
          false,
          true,
          false,
          false,
          false,
          false,
          false,
          false,
          false,
          true,
          false,
          false
        ],
        [
          false,
          false,
          true,
          false,
          false,
          false,
          false,
          false,
          false,
          false,
          false,
          false
        ],
        [
          false,
          false,
          false,
          true,
          false,
          false,
          false,
          false,
          false,
          false,
          false,
          false
        ],
        [
          false,
          false,
          false,
          false,
          true,
          false,
          false,
          false,
          false,
          false,
          false,
          false
        ],
        [
          true,
          false,
          false,
          false,
          false,
          true,
          false,
          false,
          false,
          true,
          false,
          false
        ],
        [
          false,
          false,
          false,
          false,
          false,
          false,
          true,
          false,
          false,
          false,
          false,
          false
        ],
        [
          false,
          false,
          false,
          false,
          false,
          false,
          false,
          true,
          false,
          false,
          false,
          false
        ],
        [
          false,
          false,
          false,
          false,
          false,
          false,
          false,
          false,
          true,
          false,
          false,
          false
        ],
        [
          false,
          true,
          false,
          false,
          false,
          true,
          false,
          false,
          false,
          true,
          false,
          false
        ],
        [
          false,
          false,
          false,
          false,
          false,
          false,
          false,
          false,
          false,
          false,
          true,
          false
        ],
        [
          false,
          false,
          false,
          false,
          false,
          false,
          false,
          false,
          false,
          false,
          false,
          true
        ]
      ]
    }
  ]
}