{
  "network_id": 27,
  "spread_model": "IC",
  "correlations": [
    {
      "spread": "IC",
      "prob": 0.25,
      "n_rows": 144000,
      "avg": 0.084979,
      "std": 0.277027,
      "removed": 0,
      "labels": [
        "dir=IN;k=0",
        "dir=IN;k=1",
        "dir=IN;k=4",
        "dir=IN;k=6",
        "dir=OUT;k=0",
        "dir=OUT;k=1",
        "dir=OUT;k=4",
        "dir=OUT;k=6",
        "dir=ALL;k=0",
        "dir=ALL;k=1",
        "dir=ALL;k=4",
        "dir=ALL;k=6"
      ],
      "matrix": [
        [
          1.0,
          0.001139,
          -0.003052,
          -0.003557,
          0.004781,
          -0.012134,
          -0.010518,
          0.00877,
          -0.001653,
          0.008872,
          -0.001266,
          0.012425
        ],
        [
          0.001139,
          1.0,
          0.004597,
          0.010999,
          -0.015432,
          0.012624,
          0.008805,
          0.009738,
          -0.006283,
          0.020494,
          0.001448,
          -0.007168
        ],
        [
          -0.003052,
          0.004597,
          1.0,
          0.003893,
          0.000253,
          0.002119,
          -0.022723,
          0.007034,
          -0.002322,
          0.004007,
          -0.002335,
          0.00847
        ],
        [
          -0.003557,
          0.010999,
          0.003893,
          1.0,
          -0.006572,
          -0.019199,
          0.013874,
          -0.017046,
          0.00012,
          0.012149,
          0.010411,
          0.015819
        ],
        [
          0.004781,
          -0.015432,
          0.000253,
          -0.006572,
          1.0,
          0.0097,
          0.006869,
          -0.00365,
          -0.000469,
          -0.014075,
          0.005048,
          0.011643
        ],
        [
          -0.012134,
          0.012624,
          0.002119,
          -0.019199,
          0.0097,
          1.0,
          0.004165,
          0.015599,
          -0.006322,
          0.020472,
          0.007319,
          -7e-05
        ],
        [
          -0.010518,
          0.008805,
          -0.022723,
          0.013874,
          0.006869,
          0.004165,
          1.0,
          0.018898,
          -0.015247,
          0.025045,
          -0.001842,
          0.002608
        ],
        [
          0.00877,
          0.009738,
          0.007034,
          -0.017046,
          -0.00365,
          0.015599,
          0.018898,
          1.0,
          0.006116,
          0.010554,
          -0.013129,
          -0.002227
        ],
        [
          -0.001653,
          -0.006283,
          -0.002322,
          0.00012,
          -0.000469,
          -0.006322,
          -0.015247,
          0.006116,
          1.0,
          0.006968,
          -0.004264,
          0.000233
        ],
        [
          0.008872,
          0.020494,
          0.004007,
          0.012149,
          -0.014075,
          0.020472,
          0.025045,
          0.010554,
          0.006968,
          1.0,
          -0.009603,
          -0.013741
        ],
        [
          -0.001266,
          0.001448,
          -0.002335,
          0.010411,
          0.005048,
          0.007319,
          -0.001842,
          -0.013129,
          -0.004264,
          -0.009603,
          1.0,
          0.000301
        ],
        [
          0.012425,
          -0.007168,
          0.00847,
          0.015819,
          0.011643,
          -7e-05,
          0.002608,
          -0.002227,
          0.000233,
          -0.013741,
          0.000301,
          1.0
        ]
      ],
      "significant": [
        [
          true,
          false,
          false,
          false,
          false,
          false,
          false,
          false,
          false,
          false,
          false,
          false
        ],
        [
          false,
          true,
          false,
          false,
          false,
          false,
          false,
          false,
          false,
          true,
          false,
          false
        ],
        [
          false,
          false,
          true,
          false,
          false,
          false,
          true,
          false,
          false,
          false,
          false,
          false
        ],
        [
          false,
          false,
          false,
          true,
          false,
          true,
          false,
          false,
          false,
          false,
          false,
          false
        ],
        [
          false,
          false,
          false,
          false,
          true,
          false,
          false,
          false,
          false,
          false,
          false,
          false
        ],
        [
          false,
          false,
          false,
          true,
          false,
          true,
          false,
          false,
          false,
          true,
          false,
          false
        ],
        [
          false,
          false,
          true,
          false,
          false,
          false,
          true,
          true,
          false,
          true,
          false,
          false
        ],
        [
          false,
          false,
          false,
          false,
          false,
          false,
          true,
          true,
          false,
          false,
          false,
          false
        ],
        [
          false,
          false,
          false,
          false,
          false,
          false,
          false,
          false,
          true,
          false,
          false,
          false
        ],
        [
          false,
          true,
          false,
          false,
          false,
          true,
          true,
          false,
          false,
          true,
          false,
          false
        ],
        [
          false,
          false,
          false,
          false,
          false,
          false,
          false,
          false,
          false,
          false,
          true,
          false
        ],
        [
          false,
          false,
          false,
          false,
          false,
          false,
          false,
          false,
          false,
          false,
          false,
          true
        ]
      ]
    },
    {
      "spread": "IC",
      "prob": 0.5,
      "n_rows": 144000,
      "avg": 0.083915,
      "std": 0.277445,
      "removed": 0,
      "labels": [
        "dir=IN;k=0",
        "dir=IN;k=1",
        "dir=IN;k=4",
        "dir=IN;k=6",
        "dir=OUT;k=0",
        "dir=OUT;k=1",
        "dir=OUT;k=4",
        "dir=OUT;k=6",
        "dir=ALL;k=0",
        "dir=ALL;k=1",
        "dir=ALL;k=4",
        "dir=ALL;k=6"
      ],
      "matrix": [
        [
          1.0,
          -0.0089,
          0.022719,
          0.012419,
          0.006568,
          -0.010549,
          0.003506,
          0.001941,
          0.006744,
          -0.011815,
          0.001918,
          0.003413
        ],
        [
          -0.0089,
          1.0,
          -0.005146,
          0.005742,
          0.00814,
          -0.000235,
          -0.008747,
          -0.009729,
          0.014622,
          0.044021,
          0.004017,
          0.004542
        ],
        [
          0.022719,
          -0.005146,
          1.0,
          -0.013096,
          0.01514,
          -0.011831,
          -0.013567,
          0.00353,
          0.012563,
          -0.001591,
          0.004438,
          -0.003293
        ],
        [
          0.012419,
          0.005742,
          -0.013096,
          1.0,
          0.013141,
          -0.005643,
          -0.002074,
          -0.013607,
          -0.008543,
          -0.005439,
          -0.000546,
          0.01262
        ],
        [
          0.006568,
          0.00814,
          0.01514,
          0.013141,
          1.0,
          -0.002047,
          -0.01058,
          0.001537,
          -0.005423,
          -0.007142,
          -0.016552,
          -0.008014
        ],
        [
          -0.010549,
          -0.000235,
          -0.011831,
          -0.005643,
          -0.002047,
          1.0,
          -0.015459,
          0.007554,
          0.011699,
          0.056779,
          0.006931,
          -0.013802
        ],
        [
          0.003506,
          -0.008747,
          -0.013567,
          -0.002074,
          -0.01058,
          -0.015459,
          1.0,
          -0.004838,
          -0.011988,
          -0.004415,
          0.01838,
          -0.008655
        ],
        [
          0.001941,
          -0.009729,
          0.00353,
          -0.013607,
          0.001537,
          0.007554,
          -0.004838,
          1.0,
          -0.009315,
          -0.013619,
          0.001141,
          0.015345
        ],
        [
          0.006744,
          0.014622,
          0.012563,
          -0.008543,
          -0.005423,
          0.011699,
          -0.011988,
          -0.009315,
          1.0,
          -0.000446,
          -0.005232,
          -0.00146
        ],
        [
          -0.011815,
          0.044021,
          -0.001591,
          -0.005439,
          -0.007142,
          0.056779,
          -0.004415,
          -0.013619,
          -0.000446,
          1.0,
          -0.00259,
          0.001242
        ],
        [
          0.001918,
          0.004017,
          0.004438,
          -0.000546,
          -0.016552,
          0.006931,
          0.01838,
          0.001141,
          -0.005232,
          -0.00259,
          1.0,
          -0.00453
        ],
        [
          0.003413,
          0.004542,
          -0.003293,
          0.01262,
          -0.008014,
          -0.013802,
          -0.008655,
          0.015345,
          -0.00146,
          0.001242,
          -0.00453,
          1.0
        ]
      ],
      "significant": [
        [
          true,
          false,
          true,
          false,
          false,
          false,
          false,
          false,
          false,
          false,
          false,
          false
        ],
        [
          false,
          true,
          false,
          false,
          false,
          false,
          false,
          false,
          false,
          true,
          false,
          false
        ],
        [
          true,
          false,
          true,
          false,
          false,
          false,
          false,
          false,
          false,
          false,
          false,
          false
        ],
        [
          false,
          false,
          false,
          true,
          false,
          false,
          false,
          false,
          false,
          false,
          false,
          false
        ],
        [
          false,
          false,
          false,
          false,
          true,
          false,
          false,
          false,
          false,
          false,
          false,
          false
        ],
        [
          false,
          false,
          false,
          false,
          false,
          true,
          false,
          false,
          false,
          true,
          false,
          false
        ],
        [
          false,
          false,
          false,
          false,
          false,
          false,
          true,
          false,
          false,
          false,
          true,
          false
        ],
        [
          false,
          false,
          false,
          false,
          false,
          false,
          false,
          true,
          false,
          false,
          false,
          false
        ],
        [
          false,
          false,
          false,
          false,
          false,
          false,
          false,
          false,
          true,
          false,
          false,
          false
        ],
        [
          false,
          true,
          false,
          false,
          false,
          true,
          false,
          false,
          false,
          true,
          false,
          false
        ],
        [
          false,
          false,
          false,
          false,
          false,
          false,
          true,
          false,
          false,
          false,
          true,
          false
        ],
        [
          false,
          false,
          false,
          false,
          false,
          false,
          false,
          false,
          false,
          false,
          false,
          true
        ]
      ]
    },
    {
      "spread": "IC",
      "prob": 0.75,
      "n_rows": 144000,
      "avg": 0.08531,
      "std": 0.277267,
      "removed": 0,
      "labels": [
        "dir=IN;k=0",
        "dir=IN;k=1",
        "dir=IN;k=4",
        "dir=IN;k=6",
        "dir=OUT;k=0",
        "dir=OUT;k=1",
        "dir=OUT;k=4",
        "dir=OUT;k=6",
        "dir=ALL;k=0",
        "dir=ALL;k=1",
        "dir=ALL;k=4",
        "dir=ALL;k=6"
      ],
      "matrix": [
        [
          1.0,
          -0.005721,
          0.00121,
          -0.008806,
          0.006579,
          0.005552,
          0.006843,
          0.007627,
          -0.001168,
          0.002781,
          0.00798,
          0.006931
        ],
        [
          -0.005721,
          1.0,
          0.010493,
          0.011525,
          -0.005503,
          0.025609,
          -0.011249,
          0.02298,
          0.003954,
          0.084461,
          0.002442,
          -0.010207
        ],
        [
          0.00121,
          0.010493,
          1.0,
          0.000795,
          0.004772,
          -0.008401,
          -0.003289,
          -0.001335,
          -0.000849,
          0.000412,
          -0.002658,
          -0.010293
        ],
        [
          -0.008806,
          0.011525,
          0.000795,
          1.0,
          0.003283,
          0.004298,
          -0.007473,
          -0.001506,
          0.001385,
          0.0006,
          -0.000691,
          -0.00988
        ],
        [
          0.006579,
          -0.005503,
          0.004772,
          0.003283,
          1.0,
          -0.007809,
          -0.008662,
          -0.006505,
          -0.013336,
          0.000617,
          -0.003349,
          2.8e-05
        ],
        [
          0.005552,
          0.025609,
          -0.008401,
          0.004298,
          -0.007809,
          1.0,
          0.000641,
          -0.003102,
          0.000557,
          0.096682,
          0.004593,
          -0.00108
        ],
        [
          0.006843,
          -0.011249,
          -0.003289,
          -0.007473,
          -0.008662,
          0.000641,
          1.0,
          -0.006182,
          -0.012727,
          -0.013653,
          -0.003064,
          -0.002255
        ],
        [
          0.007627,
          0.02298,
          -0.001335,
          -0.001506,
          -0.006505,
          -0.003102,
          -0.006182,
          1.0,
          -0.004692,
          0.017216,
          0.006103,
          0.007324
        ],
        [
          -0.001168,
          0.003954,
          -0.000849,
          0.001385,
          -0.013336,
          0.000557,
          -0.012727,
          -0.004692,
          1.0,
          0.003924,
          -0.00642,
          -0.00666
        ],
        [
          0.002781,
          0.084461,
          0.000412,
          0.0006,
          0.000617,
          0.096682,
          -0.013653,
          0.017216,
          0.003924,
          1.0,
          -0.003188,
          -0.01037
        ],
        [
          0.00798,
          0.002442,
          -0.002658,
          -0.000691,
          -0.003349,
          0.004593,
          -0.003064,
          0.006103,
          -0.00642,
          -0.003188,
          1.0,
          -0.015783
        ],
        [
          0.006931,
          -0.010207,
          -0.010293,
          -0.00988,
          2.8e-05,
          -0.00108,
          -0.002255,
          0.007324,
          -0.00666,
          -0.01037,
          -0.015783,
          1.0
        ]
      ],
      "significant": [
        [
          true,
          false,
          false,
          false,
          false,
          false,
          false,
          false,
          false,
          false,
          false,
          false
        ],
        [
          false,
          true,
          false,
          false,
          false,
          true,
          false,
          true,
          false,
          true,
          false,
          false
        ],
        [
          false,
          false,
          true,
          false,
          false,
          false,
          false,
          false,
          false,
          false,
          false,
          false
        ],
        [
          false,
          false,
          false,
          true,
          false,
          false,
          false,
          false,
          false,
          false,
          false,
          false
        ],
        [
          false,
          false,
          false,
          false,
          true,
          false,
          false,
          false,
          false,
          false,
          false,
          false
        ],
        [
          false,
          true,
          false,
          false,
          false,
          true,
          false,
          false,
          false,
          true,
          false,
          false
        ],
        [
          false,
          false,
          false,
          false,
          false,
          false,
          true,
          false,
          false,
          false,
          false,
          false
        ],
        [
          false,
          true,
          false,
          false,
          false,
          false,
          false,
          true,
          false,
          false,
          false,
          false
        ],
        [
          false,
          false,
          false,
          false,
          false,
          false,
          false,
          false,
          true,
          false,
          false,
          false
        ],
        [
          false,
          true,
          false,
          false,
          false,
          true,
          false,
          false,
          false,
          true,
          false,
          false
        ],
        [
          false,
          false,
          false,
          false,
          false,
          false,
          false,
          false,
          false,
          false,
          true,
          false
        ],
        [
          false,
          false,
          false,
          false,
          false,
          false,
          false,
          false,
          false,
          false,
          false,
          true
        ]
      ]
    },
    {
      "spread": "IC",
      "prob": 1.0,
      "n_rows": 144000,
      "avg": 0.164573,
      "std": 0.331501,
      "removed": 22,
      "labels": [
        "dir=IN;k=0",
        "dir=IN;k=1",
        "dir=IN;k=4",
        "dir=IN;k=6",
        "dir=OUT;k=0",
        "dir=OUT;k=1",
        "dir=OUT;k=4",
        "dir=OUT;k=6",
        "dir=ALL;k=0",
        "dir=ALL;k=1",
        "dir=ALL;k=4",
        "dir=ALL;k=6"
      ],
      "matrix": [
        [
          1.0,
          0.002462,
          0.003645,
          0.008657,
          -0.007165,
          0.005158,
          -0.007835,
          -0.007574,
          0.004008,
          0.010607,
          -0.003505,
          null
        ],
        [
          0.002462,
          1.0,
          0.031618,
          0.022359,
          0.016292,
          0.008085,
          0.031607,
          0.022344,
          0.004198,
          0.141517,
          0.022351,
          null
        ],
        [
          0.003645,
          0.031618,
          1.0,
          0.707166,
          0.003784,
          0.031615,
          0.499729,
          -0.000236,
          0.004063,
          0.031618,
          0.70693,
          null
        ],
        [
          0.008657,
          0.022359,
          0.707166,
          1.0,
          0.008656,
          0.022351,
          -0.000236,
          -0.000167,
          0.008869,
          0.022356,
          -0.000167,
          null
        ],
        [
          -0.007165,
          0.016292,
          0.003784,
          0.008656,
          1.0,
          0.004781,
          -0.007437,
          -0.00721,
          -0.008847,
          0.002159,
          -0.003307,
          null
        ],
        [
          0.005158,
          0.008085,
          0.031615,
          0.022351,
          0.004781,
          1.0,
          0.031612,
          0.022348,
          -0.002032,
          0.138117,
          0.022355,
          null
        ],
        [
          -0.007835,
          0.031607,
          0.499729,
          -0.000236,
          -0.007437,
          0.031612,
          1.0,
          0.707077,
          -0.00733,
          0.031609,
          0.707018,
          null
        ],
        [
          -0.007574,
          0.022344,
          -0.000236,
          -0.000167,
          -0.00721,
          0.022348,
          0.707077,
          1.0,
          -0.00724,
          0.022344,
          -0.000167,
          null
        ],
        [
          0.004008,
          0.004198,
          0.004063,
          0.008869,
          -0.008847,
          -0.002032,
          -0.00733,
          -0.00724,
          1.0,
          0.018717,
          -0.003126,
          null
        ],
        [
          0.010607,
          0.141517,
          0.031618,
          0.022356,
          0.002159,
          0.138117,
          0.031609,
          0.022344,
          0.018717,
          1.0,
          0.022354,
          null
        ],
        [
          -0.003505,
          0.022351,
          0.70693,
          -0.000167,
          -0.003307,
          0.022355,
          0.707018,
          -0.000167,
          -0.003126,
          0.022354,
          1.0,
          null
        ],
        [
          null,
          null,
          null,
          null,
          null,
          null,
          null,
          null,
          null,
          null,
          null,
          1.0
        ]
      ],
      "significant": [
        [
          true,
          false,
          false,
          false,
          false,
          false,
          false,
          false,
          false,
          false,
          false,
          false
        ],
        [
          false,
          true,
          true,
          true,
          false,
          false,
          true,
          true,
          false,
          true,
          true,
          false
        ],
        [
          false,
          true,
          true,
          true,
          false,
          true,
          true,
          false,
          false,
          true,
          true,
          false
        ],
        [
          false,
          true,
          true,
          true,
          false,
          true,
          false,
          false,
          false,
          true,
          false,
          false
        ],
        [
          false,
          false,
          false,
          false,
          true,
          false,
          false,
          false,
          false,
          false,
          false,
          false
        ],
        [
          false,
          false,
          true,
          true,
          false,
          true,
          true,
          true,
          false,
          true,
          true,
          false
        ],
        [
          false,
          true,
          true,
          false,
          false,
          true,
          true,
          true,
          false,
          true,
          true,
          false
        ],
        [
          false,
          true,
          false,
          false,
          false,
          true,
          true,
          true,
          false,
          true,
          false,
          false
        ],
        [
          false,
          false,
          false,
          false,
          false,
          false,
          false,
          false,
          true,
          true,
          false,
          false
        ],
        [
          false,
          true,
          true,
          true,
          false,
          true,
          true,
          true,
          true,
          true,
          true,
          false
        ],
        [
          false,
          true,
          true,
          false,
          false,
          true,
          true,
          false,
          false,
          true,
          true,
          false
        ],
        [
          false,
          false,
          false,
          false,
          false,
          false,
          false,
          false,
          false,
          false,
          false,
          true
        ]
      ]
    }
  ]
}