{
  "network_id": 3,
  "spread_model": "IC",
  "correlations": [
    {
      "spread": "IC",
      "prob": 0.25,
      "n_rows": 60000,
      "avg": 0.130428,
      "std": 0.273944,
      "removed": 0,
      "labels": [
        "dir=IN;k=0",
        "dir=IN;k=1",
        "dir=IN;k=4",
        "dir=IN;k=6",
        "dir=OUT;k=0",
        "dir=OUT;k=1",
        "dir=OUT;k=4",
        "dir=OUT;k=6",
        "dir=ALL;k=0",
        "dir=ALL;k=1",
        "dir=ALL;k=4",
        "dir=ALL;k=6"
      ],
      "matrix": [
        [
          1.0,
          0.062107,
          0.046654,
          -0.034283,
          0.100729,
          0.11182,
          0.270598,
          0.027274,
          0.097018,
          0.068138,
          0.007271,
          0.000141
        ],
        [
          0.062107,
          1.0,
          0.21041,
          0.020402,
          0.057934,
          0.060016,
          0.132605,
          0.003602,
          0.061322,
          0.105166,
          0.027693,
          0.001262
        ],
        [
          0.046654,
          0.21041,
          1.0,
          0.009408,
          0.021272,
          0.033703,
          0.027143,
          0.016843,
          0.010035,
          0.130203,
          0.013069,
          0.013886
        ],
        [
          -0.034283,
          0.020402,
          0.009408,
          1.0,
          -0.017775,
          -0.011006,
          0.001325,
          0.015485,
          -0.005073,
          -0.005056,
          -0.017279,
          0.008371
        ],
        [
          0.100729,
          0.057934,
          0.021272,
          -0.017775,
          1.0,
          0.120045,
          0.242313,
          0.010044,
          0.086878,
          0.067471,
          0.021544,
          0.008602
        ],
        [
          0.11182,
          0.060016,
          0.033703,
          -0.011006,
          0.120045,
          1.0,
          0.344487,
          -0.004369,
          0.123514,
          0.112435,
          -0.009323,
          -0.000292
        ],
        [
          0.270598,
          0.132605,
          0.027143,
          0.001325,
          0.242313,
          0.344487,
          1.0,
          0.010924,
          0.262861,
          0.241567,
          0.010372,
          0.011226
        ],
        [
          0.027274,
          0.003602,
          0.016843,
          0.015485,
          0.010044,
          -0.004369,
          0.010924,
          1.0,
          -0.01575,
          -0.01435,
          -0.002381,
          -0.006309
        ],
        [
          0.097018,
          0.061322,
          0.010035,
          -0.005073,
          0.086878,
          0.123514,
          0.262861,
          -0.01575,
          1.0,
          0.071626,
          -0.006057,
          0.015491
        ],
        [
          0.068138,
          0.105166,
          0.130203,
          -0.005056,
          0.067471,
          0.112435,
          0.241567,
          -0.01435,
          0.071626,
          1.0,
          -0.010182,
          0.014635
        ],
        [
          0.007271,
          0.027693,
          0.013069,
          -0.017279,
          0.021544,
          -0.009323,
          0.010372,
          -0.002381,
          -0.006057,
          -0.010182,
          1.0,
          0.001338
        ],
        [
          0.000141,
          0.001262,
          0.013886,
          0.008371,
          0.008602,
          -0.000292,
          0.011226,
          -0.006309,
          0.015491,
          0.014635,
          0.001338,
          1.0
        ]
      ],
      "significant": [
        [
          true,
          true,
          true,
          true,
          true,
          true,
          true,
          false,
          true,
          true,
          false,
          false
        ],
        [
          true,
          true,
          true,
          false,
          true,
          true,
          true,
          false,
          true,
          true,
          false,
          false
        ],
        [
          true,
          true,
          true,
          false,
          false,
          true,
          false,
          false,
          false,
          true,
          false,
          false
        ],
        [
          true,
          false,
          false,
          true,
          false,
          false,
          false,
          false,
          false,
          false,
          false,
          false
        ],
        [
          true,
          true,
          false,
          false,
          true,
          true,
          true,
          false,
          true,
          true,
          false,
          false
        ],
        [
          true,
          true,
          true,
          false,
          true,
          true,
          true,
          false,
          true,
          true,
          false,
          false
        ],
        [
          true,
          true,
          false,
          false,
          true,
          true,
          true,
          false,
          true,
          true,
          false,
          false
        ],
        [
          false,
          false,
          false,
          false,
          false,
          false,
          false,
          true,
          false,
          false,
          false,
          false
        ],
        [
          true,
          true,
          false,
          false,
          true,
          true,
          true,
          false,
          true,
          true,
          false,
          false
        ],
        [
          true,
          true,
          true,
          false,
          true,
          true,
          true,
          false,
          true,
          true,
          false,
          false
        ],
        [
          false,
          false,
          false,
          false,
          false,
          false,
          false,
          false,
          false,
          false,
          true,
          false
        ],
        [
          false,
          false,
          false,
          false,
          false,
          false,
          false,
          false,
          false,
          false,
          false,
          true
        ]
      ]
    },
    {
      "spread": "IC",
      "prob": 0.5,
      "n_rows": 60000,
      "avg": 0.129621,
      "std": 0.276258,
      "removed": 0,
      "labels": [
        "dir=IN;k=0",
        "dir=IN;k=1",
        "dir=IN;k=4",
        "dir=IN;k=6",
        "dir=OUT;k=0",
        "dir=OUT;k=1",
        "dir=OUT;k=4",
        "dir=OUT;k=6",
        "dir=ALL;k=0",
        "dir=ALL;k=1",
        "dir=ALL;k=4",
        "dir=ALL;k=6"
      ],
      "matrix": [
        [
          1.0,
          0.051847,
          0.024277,
          0.000429,
          0.116648,
          0.1104,
          0.27738,
          -0.015722,
          0.135069,
          0.061429,
          0.018372,
          -0.000624
        ],
        [
          0.051847,
          1.0,
          0.26696,
          -0.01161,
          0.034931,
          0.030688,
          0.086432,
          -0.001141,
          0.052739,
          0.088027,
          0.002,
          -0.016324
        ],
        [
          0.024277,
          0.26696,
          1.0,
          -0.024808,
          -0.02069,
          0.003001,
          0.017272,
          -0.008004,
          0.016425,
          0.16848,
          0.0556,
          0.013656
        ],
        [
          0.000429,
          -0.01161,
          -0.024808,
          1.0,
          0.015048,
          -0.003971,
          -0.01055,
          -0.016944,
          -0.002607,
          -0.001476,
          -0.00456,
          0.001422
        ],
        [
          0.116648,
          0.034931,
          -0.02069,
          0.015048,
          1.0,
          0.12528,
          0.262104,
          -0.003997,
          0.106712,
          0.050551,
          0.005595,
          0.011533
        ],
        [
          0.1104,
          0.030688,
          0.003001,
          -0.003971,
          0.12528,
          1.0,
          0.39581,
          0.004541,
          0.127838,
          0.086948,
          0.033422,
          -0.001363
        ],
        [
          0.27738,
          0.086432,
          0.017272,
          -0.01055,
          0.262104,
          0.39581,
          1.0,
          -0.001044,
          0.291656,
          0.199925,
          0.039266,
          -0.000582
        ],
        [
          -0.015722,
          -0.001141,
          -0.008004,
          -0.016944,
          -0.003997,
          0.004541,
          -0.001044,
          1.0,
          -0.00325,
          -0.00228,
          0.015448,
          0.000666
        ],
        [
          0.135069,
          0.052739,
          0.016425,
          -0.002607,
          0.106712,
          0.127838,
          0.291656,
          -0.00325,
          1.0,
          0.060788,
          0.015897,
          -0.017841
        ],
        [
          0.061429,
          0.088027,
          0.16848,
          -0.001476,
          0.050551,
          0.086948,
          0.199925,
          -0.00228,
          0.060788,
          1.0,
          0.013118,
          0.019275
        ],
        [
          0.018372,
          0.002,
          0.0556,
          -0.00456,
          0.005595,
          0.033422,
          0.039266,
          0.015448,
          0.015897,
          0.013118,
          1.0,
          -0.012808
        ],
        [
          -0.000624,
          -0.016324,
          0.013656,
          0.001422,
          0.011533,
          -0.001363,
          -0.000582,
          0.000666,
          -0.017841,
          0.019275,
          -0.012808,
          1.0
        ]
      ],
      "significant": [
        [
          true,
          true,
          false,
          false,
          true,
          true,
          true,
          false,
          true,
          true,
          false,
          false
        ],
        [
          true,
          true,
          true,
          false,
          true,
          true,
          true,
          false,
          true,
          true,
          false,
          false
        ],
        [
          false,
          true,
          true,
          false,
          false,
          false,
          false,
          false,
          false,
          true,
          true,
          false
        ],
        [
          false,
          false,
          false,
          true,
          false,
          false,
          false,
          false,
          false,
          false,
          false,
          false
        ],
        [
          true,
          true,
          false,
          false,
          true,
          true,
          true,
          false,
          true,
          true,
          false,
          false
        ],
        [
          true,
          true,
          false,
          false,
          true,
          true,
          true,
          false,
          true,
          true,
          true,
          false
        ],
        [
          true,
          true,
          false,
          false,
          true,
          true,
          true,
          false,
          true,
          true,
          true,
          false
        ],
        [
          false,
          false,
          false,
          false,
          false,
          false,
          false,
          true,
          false,
          false,
          false,
          false
        ],
        [
          true,
          true,
          false,
          false,
          true,
          true,
          true,
          false,
          true,
          true,
          false,
          false
        ],
        [
          true,
          true,
          true,
          false,
          true,
          true,
          true,
          false,
          true,
          true,
          false,
          false
        ],
        [
          false,
          false,
          true,
          false,
          false,
          true,
          true,
          false,
          false,
          false,
          true,
          false
        ],
        [
          false,
          false,
          false,
          false,
          false,
          false,
          false,
          false,
          false,
          false,
          false,
          true
        ]
      ]
    },
    {
      "spread": "IC",
      "prob": 0.75,
      "n_rows": 60000,
      "avg": 0.128851,
      "std": 0.276787,
      "removed": 0,
      "labels": [
        "dir=IN;k=0",
        "dir=IN;k=1",
        "dir=IN;k=4",
        "dir=IN;k=6",
        "dir=OUT;k=0",
        "dir=OUT;k=1",
        "dir=OUT;k=4",
        "dir=OUT;k=6",
        "dir=ALL;k=0",
        "dir=ALL;k=1",
        "dir=ALL;k=4",
        "dir=ALL;k=6"
      ],
      "matrix": [
        [
          1.0,
          0.024199,
          -0.023838,
          -0.019733,
          0.092474,
          0.124333,
          0.27703,
          0.021533,
          0.104646,
          0.030455,
          0.0121,
          0.002581
        ],
        [
          0.024199,
          1.0,
          0.297292,
          -0.01122,
          0.016498,
          0.026621,
          0.048892,
          0.001016,
          0.008827,
          0.090376,
          0.036535,
          -0.016071
        ],
        [
          -0.023838,
          0.297292,
          1.0,
          0.023799,
          0.022315,
          -0.01013,
          0.016162,
          0.007691,
          -0.020573,
          0.188192,
          0.079307,
          0.004729
        ],
        [
          -0.019733,
          -0.01122,
          0.023799,
          1.0,
          -0.005963,
          -0.006993,
          -0.0258,
          0.002207,
          -0.036973,
          -0.018844,
          -0.020949,
          0.000622
        ],
        [
          0.092474,
          0.016498,
          0.022315,
          -0.005963,
          1.0,
          0.120808,
          0.271709,
          0.00492,
          0.095777,
          0.05892,
          0.034789,
          -0.014592
        ],
        [
          0.124333,
          0.026621,
          -0.01013,
          -0.006993,
          0.120808,
          1.0,
          0.395261,
          0.018741,
          0.125287,
          0.105713,
          0.010756,
          -0.004264
        ],
        [
          0.27703,
          0.048892,
          0.016162,
          -0.0258,
          0.271709,
          0.395261,
          1.0,
          0.027003,
          0.25094,
          0.220031,
          0.064897,
          0.002698
        ],
        [
          0.021533,
          0.001016,
          0.007691,
          0.002207,
          0.00492,
          0.018741,
          0.027003,
          1.0,
          -0.01664,
          0.019278,
          0.006936,
          -0.004288
        ],
        [
          0.104646,
          0.008827,
          -0.020573,
          -0.036973,
          0.095777,
          0.125287,
          0.25094,
          -0.01664,
          1.0,
          0.049918,
          0.03469,
          0.00847
        ],
        [
          0.030455,
          0.090376,
          0.188192,
          -0.018844,
          0.05892,
          0.105713,
          0.220031,
          0.019278,
          0.049918,
          1.0,
          0.052506,
          -0.015723
        ],
        [
          0.0121,
          0.036535,
          0.079307,
          -0.020949,
          0.034789,
          0.010756,
          0.064897,
          0.006936,
          0.03469,
          0.052506,
          1.0,
          0.00938
        ],
        [
          0.002581,
          -0.016071,
          0.004729,
          0.000622,
          -0.014592,
          -0.004264,
          0.002698,
          -0.004288,
          0.00847,
          -0.015723,
          0.00938,
          1.0
        ]
      ],
      "significant": [
        [
          true,
          false,
          false,
          false,
          true,
          true,
          true,
          false,
          true,
          true,
          false,
          false
        ],
        [
          false,
          true,
          true,
          false,
          false,
          false,
          true,
          false,
          false,
          true,
          true,
          false
        ],
        [
          false,
          true,
          true,
          false,
          false,
          false,
          false,
          false,
          false,
          true,
          true,
          false
        ],
        [
          false,
          false,
          false,
          true,
          false,
          false,
          false,
          false,
          true,
          false,
          false,
          false
        ],
        [
          true,
          false,
          false,
          false,
          true,
          true,
          true,
          false,
          true,
          true,
          true,
          false
        ],
        [
          true,
          false,
          false,
          false,
          true,
          true,
          true,
          false,
          true,
          true,
          false,
          false
        ],
        [
          true,
          true,
          false,
          false,
          true,
          true,
          true,
          false,
          true,
          true,
          true,
          false
        ],
        [
          false,
          false,
          false,
          false,
          false,
          false,
          false,
          true,
          false,
          false,
          false,
          false
        ],
        [
          true,
          false,
          false,
          true,
          true,
          true,
          true,
          false,
          true,
          true,
          true,
          false
        ],
        [
          true,
          true,
          true,
          false,
          true,
          true,
          true,
          false,
          true,
          true,
          true,
          false
        ],
        [
          false,
          true,
          true,
          false,
          true,
          false,
          true,
          false,
          true,
          true,
          true,
          false
        ],
        [
          false,
          false,
          false,
          false,
          false,
          false,
          false,
          false,
          false,
          false,
          false,
          true
        ]
      ]
    },
    {
      "spread": "IC",
      "prob": 1.0,
      "n_rows": 60000,
      "avg": 0.228375,
      "std": 0.288257,
      "removed": 22,
      "labels": [
        "dir=IN;k=0",
        "dir=IN;k=1",
        "dir=IN;k=4",
        "dir=IN;k=6",
        "dir=OUT;k=0",
        "dir=OUT;k=1",
        "dir=OUT;k=4",
        "dir=OUT;k=6",
        "dir=ALL;k=0",
        "dir=ALL;k=1",
        "dir=ALL;k=4",
        "dir=ALL;k=6"
      ],
      "matrix": [
        [
          1.0,
          0.026132,
          0.013409,
          -0.00127,
          0.094514,
          0.104288,
          0.286663,
          0.190466,
          0.10748,
          0.078996,
          0.153035,
          null
        ],
        [
          0.026132,
          1.0,
          0.328059,
          0.199803,
          0.018135,
          0.025127,
          0.070499,
          0.054932,
          0.003655,
          0.103653,
          0.223395,
          null
        ],
        [
          0.013409,
          0.328059,
          1.0,
          0.513555,
          -0.006267,
          -0.000182,
          0.020303,
          0.001639,
          0.004924,
          0.196414,
          0.510847,
          null
        ],
        [
          -0.00127,
          0.199803,
          0.513555,
          1.0,
          -0.015719,
          -0.010776,
          0.017012,
          0.02354,
          -0.005804,
          0.130032,
          0.313025,
          null
        ],
        [
          0.094514,
          0.018135,
          -0.006267,
          -0.015719,
          1.0,
          0.126547,
          0.259059,
          0.149391,
          0.083165,
          0.067495,
          0.132309,
          null
        ],
        [
          0.104288,
          0.025127,
          -0.000182,
          -0.010776,
          0.126547,
          1.0,
          0.39052,
          0.20663,
          0.097967,
          0.093616,
          0.222303,
          null
        ],
        [
          0.286663,
          0.070499,
          0.020303,
          0.017012,
          0.259059,
          0.39052,
          1.0,
          0.419655,
          0.272999,
          0.196838,
          0.518618,
          null
        ],
        [
          0.190466,
          0.054932,
          0.001639,
          0.02354,
          0.149391,
          0.20663,
          0.419655,
          1.0,
          0.147412,
          0.089106,
          0.264659,
          null
        ],
        [
          0.10748,
          0.003655,
          0.004924,
          -0.005804,
          0.083165,
          0.097967,
          0.272999,
          0.147412,
          1.0,
          0.045737,
          0.142433,
          null
        ],
        [
          0.078996,
          0.103653,
          0.196414,
          0.130032,
          0.067495,
          0.093616,
          0.196838,
          0.089106,
          0.045737,
          1.0,
          0.230916,
          null
        ],
        [
          0.153035,
          0.223395,
          0.510847,
          0.313025,
          0.132309,
          0.222303,
          0.518618,
          0.264659,
          0.142433,
          0.230916,
          1.0,
          null
        ],
        [
          null,
          null,
          null,
          null,
          null,
          null,
          null,
          null,
          null,
          null,
          null,
          1.0
        ]
      ],
      "significant": [
        [
          true,
          false,
          false,
          false,
          true,
          true,
          true,
          true,
          true,
          true,
          true,
          false
        ],
        [
          false,
          true,
          true,
          true,
          false,
          false,
          true,
          true,
          false,
          true,
          true,
          false
        ],
        [
          false,
          true,
          true,
          true,
          false,
          false,
          false,
          false,
          false,
          true,
          true,
          false
        ],
        [
          false,
          true,
          true,
          true,
          false,
          false,
          false,
          false,
          false,
          true,
          true,
          false
        ],
        [
          true,
          false,
          false,
          false,
          true,
          true,
          true,
          true,
          true,
          true,
          true,
          false
        ],
        [
          true,
          false,
          false,
          false,
          true,
          true,
          true,
          true,
          true,
          true,
          true,
          false
        ],
        [
          true,
          true,
          false,
          false,
          true,
          true,
          true,
          true,
          true,
          true,
          true,
          false
        ],
        [
          true,
          true,
          false,
          false,
          true,
          true,
          true,
          true,
          true,
          true,
          true,
          false
        ],
        [
          true,
          false,
          false,
          false,
          true,
          true,
          true,
          true,
          true,
          true,
          true,
          false
        ],
        [
          true,
          true,
          true,
          true,
          true,
          true,
          true,
          true,
          true,
          true,
          true,
          false
        ],
        [
          true,
          true,
          true,
          true,
          true,
          true,
          true,
          true,
          true,
          true,
          true,
          false
        ],
        [
          false,
          false,
          false,
          false,
          false,
          false,
          false,
          false,
          false,
          false,
          false,
          true
        ]
      ]
    }
  ]
}