{
  "network_id": 4,
  "spread_model": "IC",
  "correlations": [
    {
      "spread": "IC",
      "prob": 0.25,
      "n_rows": 60000,
      "avg": 0.0903,
      "std": 0.27554,
      "removed": 0,
      "labels": [
        "dir=IN;k=0",
        "dir=IN;k=1",
        "dir=IN;k=4",
        "dir=IN;k=6",
        "dir=OUT;k=0",
        "dir=OUT;k=1",
        "dir=OUT;k=4",
        "dir=OUT;k=6",
        "dir=ALL;k=0",
        "dir=ALL;k=1",
        "dir=ALL;k=4",
        "dir=ALL;k=6"
      ],
      "matrix": [
        [
          1.0,
          -0.012939,
          0.030468,
          0.005912,
          0.024034,
          0.023148,
          -0.005391,
          -0.000152,
          0.007819,
          0.001936,
          0.01477,
          0.002747
        ],
        [
          -0.012939,
          1.0,
          0.014746,
          0.001372,
          0.006749,
          0.020037,
          0.006431,
          0.005552,
          0.002984,
          0.0241,
          -0.003379,
          0.015837
        ],
        [
          0.030468,
          0.014746,
          1.0,
          0.000134,
          0.005419,
          0.02667,
          -0.008837,
          0.004263,
          -0.008341,
          0.027889,
          0.012789,
          0.006865
        ],
        [
          0.005912,
          0.001372,
          0.000134,
          1.0,
          0.027064,
          0.004062,
          0.021335,
          -0.009763,
          -0.012905,
          0.014018,
          -0.011547,
          0.020533
        ],
        [
          0.024034,
          0.006749,
          0.005419,
          0.027064,
          1.0,
          0.006096,
          0.012525,
          -0.001945,
          -0.00828,
          0.029529,
          -0.007679,
          0.028681
        ],
        [
          0.023148,
          0.020037,
          0.02667,
          0.004062,
          0.006096,
          1.0,
          0.009096,
          0.007354,
          0.017143,
          0.033613,
          0.025251,
          0.018047
        ],
        [
          -0.005391,
          0.006431,
          -0.008837,
          0.021335,
          0.012525,
          0.009096,
          1.0,
          -0.006306,
          0.015615,
          0.00974,
          0.012277,
          0.017233
        ],
        [
          -0.000152,
          0.005552,
          0.004263,
          -0.009763,
          -0.001945,
          0.007354,
          -0.006306,
          1.0,
          0.009429,
          0.008826,
          0.000583,
          -0.010787
        ],
        [
          0.007819,
          0.002984,
          -0.008341,
          -0.012905,
          -0.00828,
          0.017143,
          0.015615,
          0.009429,
          1.0,
          0.009778,
          -0.004267,
          -0.031854
        ],
        [
          0.001936,
          0.0241,
          0.027889,
          0.014018,
          0.029529,
          0.033613,
          0.00974,
          0.008826,
          0.009778,
          1.0,
          -0.002856,
          0.01446
        ],
        [
          0.01477,
          -0.003379,
          0.012789,
          -0.011547,
          -0.007679,
          0.025251,
          0.012277,
          0.000583,
          -0.004267,
          -0.002856,
          1.0,
          -0.016161
        ],
        [
          0.002747,
          0.015837,
          0.006865,
          0.020533,
          0.028681,
          0.018047,
          0.017233,
          -0.010787,
          -0.031854,
          0.01446,
          -0.016161,
          1.0
        ]
      ],
      "significant": [
        [
          true,
          false,
          true,
          false,
          false,
          false,
          false,
          false,
          false,
          false,
          false,
          false
        ],
        [
          false,
          true,
          false,
          false,
          false,
          false,
          false,
          false,
          false,
          false,
          false,
          false
        ],
        [
          true,
          false,
          true,
          false,
          false,
          false,
          false,
          false,
          false,
          true,
          false,
          false
        ],
        [
          false,
          false,
          false,
          true,
          false,
          false,
          false,
          false,
          false,
          false,
          false,
          false
        ],
        [
          false,
          false,
          false,
          false,
          true,
          false,
          false,
          false,
          false,
          true,
          false,
          true
        ],
        [
          false,
          false,
          false,
          false,
          false,
          true,
          false,
          false,
          false,
          true,
          false,
          false
        ],
        [
          false,
          false,
          false,
          false,
          false,
          false,
          true,
          false,
          false,
          false,
          false,
          false
        ],
        [
          false,
          false,
          false,
          false,
          false,
          false,
          false,
          true,
          false,
          false,
          false,
          false
        ],
        [
          false,
          false,
          false,
          false,
          false,
          false,
          false,
          false,
          true,
          false,
          false,
          true
        ],
        [
          false,
          false,
          true,
          false,
          true,
          true,
          false,
          false,
          false,
          true,
          false,
          false
        ],
        [
          false,
          false,
          false,
          false,
          false,
          false,
          false,
          false,
          false,
          false,
          true,
          false
        ],
        [
          false,
          false,
          false,
          false,
          true,
          false,
          false,
          false,
          true,
          false,
          false,
          true
        ]
      ]
    },
    {
      "spread": "IC",
      "prob": 0.5,
      "n_rows": 60000,
      "avg": 0.085844,
      "std": 0.276889,
      "removed": 0,
      "labels": [
        "dir=IN;k=0",
        "dir=IN;k=1",
        "dir=IN;k=4",
        "dir=IN;k=6",
        "dir=OUT;k=0",
        "dir=OUT;k=1",
        "dir=OUT;k=4",
        "dir=OUT;k=6",
        "dir=ALL;k=0",
        "dir=ALL;k=1",
        "dir=ALL;k=4",
        "dir=ALL;k=6"
      ],
      "matrix": [
        [
          1.0,
          0.013537,
          -4.2e-05,
          -0.004303,
          0.011459,
          -0.011377,
          0.011371,
          0.001228,
          0.00922,
          0.013092,
          0.012277,
          -0.005075
        ],
        [
          0.013537,
          1.0,
          0.012928,
          0.013258,
          -0.012577,
          0.021262,
          0.016761,
          -0.017163,
          -0.009226,
          0.019276,
          0.000666,
          0.017188
        ],
        [
          -4.2e-05,
          0.012928,
          1.0,
          0.008003,
          -0.002585,
          -0.002814,
          0.026403,
          0.003475,
          0.019729,
          -0.000384,
          -0.023709,
          0.010727
        ],
        [
          -0.004303,
          0.013258,
          0.008003,
          1.0,
          -0.001529,
          -0.004561,
          -0.00102,
          -0.001745,
          0.003273,
          -0.010426,
          -0.013367,
          0.005952
        ],
        [
          0.011459,
          -0.012577,
          -0.002585,
          -0.001529,
          1.0,
          0.023585,
          -0.003451,
          0.003665,
          0.013757,
          0.031363,
          -0.019822,
          0.008259
        ],
        [
          -0.011377,
          0.021262,
          -0.002814,
          -0.004561,
          0.023585,
          1.0,
          0.010052,
          -0.001146,
          0.029821,
          0.024751,
          -0.020116,
          0.018884
        ],
        [
          0.011371,
          0.016761,
          0.026403,
          -0.00102,
          -0.003451,
          0.010052,
          1.0,
          -0.003234,
          -0.015625,
          -0.00519,
          -0.030017,
          -0.007829
        ],
        [
          0.001228,
          -0.017163,
          0.003475,
          -0.001745,
          0.003665,
          -0.001146,
          -0.003234,
          1.0,
          0.011959,
          -0.006161,
          0.006616,
          0.002127
        ],
        [
          0.00922,
          -0.009226,
          0.019729,
          0.003273,
          0.013757,
          0.029821,
          -0.015625,
          0.011959,
          1.0,
          -0.01684,
          -0.002175,
          0.017616
        ],
        [
          0.013092,
          0.019276,
          -0.000384,
          -0.010426,
          0.031363,
          0.024751,
          -0.00519,
          -0.006161,
          -0.01684,
          1.0,
          -0.007907,
          -0.006311
        ],
        [
          0.012277,
          0.000666,
          -0.023709,
          -0.013367,
          -0.019822,
          -0.020116,
          -0.030017,
          0.006616,
          -0.002175,
          -0.007907,
          1.0,
          -0.005042
        ],
        [
          -0.005075,
          0.017188,
          0.010727,
          0.005952,
          0.008259,
          0.018884,
          -0.007829,
          0.002127,
          0.017616,
          -0.006311,
          -0.005042,
          1.0
        ]
      ],
      "significant": [
        [
          true,
          false,
          false,
          false,
          false,
          false,
          false,
          false,
          false,
          false,
          false,
          false
        ],
        [
          false,
          true,
          false,
          false,
          false,
          false,
          false,
          false,
          false,
          false,
          false,
          false
        ],
        [
          false,
          false,
          true,
          false,
          false,
          false,
          false,
          false,
          false,
          false,
          false,
          false
        ],
        [
          false,
          false,
          false,
          true,
          false,
          false,
          false,
          false,
          false,
          false,
          false,
          false
        ],
        [
          false,
          false,
          false,
          false,
          true,
          false,
          false,
          false,
          false,
          true,
          false,
          false
        ],
        [
          false,
          false,
          false,
          false,
          false,
          true,
          false,
          false,
          true,
          false,
          false,
          false
        ],
        [
          false,
          false,
          false,
          false,
          false,
          false,
          true,
          false,
          false,
          false,
          true,
          false
        ],
        [
          false,
          false,
          false,
          false,
          false,
          false,
          false,
          true,
          false,
          false,
          false,
          false
        ],
        [
          false,
          false,
          false,
          false,
          false,
          true,
          false,
          false,
          true,
          false,
          false,
          false
        ],
        [
          false,
          false,
          false,
          false,
          true,
          false,
          false,
          false,
          false,
          true,
          false,
          false
        ],
        [
          false,
          false,
          false,
          false,
          false,
          false,
          true,
          false,
          false,
          false,
          true,
          false
        ],
        [
          false,
          false,
          false,
          false,
          false,
          false,
          false,
          false,
          false,
          false,
          false,
          true
        ]
      ]
    },
    {
      "spread": "IC",
      "prob": 0.75,
      "n_rows": 60000,
      "avg": 0.086099,
      "std": 0.27706,
      "removed": 0,
      "labels": [
        "dir=IN;k=0",
        "dir=IN;k=1",
        "dir=IN;k=4",
        "dir=IN;k=6",
        "dir=OUT;k=0",
        "dir=OUT;k=1",
        "dir=OUT;k=4",
        "dir=OUT;k=6",
        "dir=ALL;k=0",
        "dir=ALL;k=1",
        "dir=ALL;k=4",
        "dir=ALL;k=6"
      ],
      "matrix": [
        [
          1.0,
          -0.013997,
          -0.016602,
          -0.006304,
          0.008193,
          0.026986,
          0.007831,
          0.029509,
          0.054595,
          0.029967,
          0.009828,
          -0.023712
        ],
        [
          -0.013997,
          1.0,
          0.000422,
          -0.016742,
          0.010611,
          -0.004827,
          -0.012232,
          -0.020719,
          0.012929,
          0.04187,
          -0.013262,
          -0.003782
        ],
        [
          -0.016602,
          0.000422,
          1.0,
          0.0157,
          -0.000403,
          -0.023635,
          -0.016006,
          -0.001653,
          -0.004819,
          -0.016265,
          -0.011666,
          -0.001957
        ],
        [
          -0.006304,
          -0.016742,
          0.0157,
          1.0,
          0.010517,
          -0.01686,
          0.010713,
          -0.004343,
          -0.012688,
          -0.016314,
          0.001938,
          0.008597
        ],
        [
          0.008193,
          0.010611,
          -0.000403,
          0.010517,
          1.0,
          0.006002,
          -0.004611,
          -0.031487,
          0.03673,
          0.029199,
          0.015401,
          -0.002816
        ],
        [
          0.026986,
          -0.004827,
          -0.023635,
          -0.01686,
          0.006002,
          1.0,
          0.022251,
          0.024719,
          0.028244,
          0.028521,
          -0.017169,
          0.019498
        ],
        [
          0.007831,
          -0.012232,
          -0.016006,
          0.010713,
          -0.004611,
          0.022251,
          1.0,
          0.015232,
          0.014768,
          0.01382,
          -0.009342,
          -0.015865
        ],
        [
          0.029509,
          -0.020719,
          -0.001653,
          -0.004343,
          -0.031487,
          0.024719,
          0.015232,
          1.0,
          -0.00663,
          -0.007842,
          -0.002017,
          0.007037
        ],
        [
          0.054595,
          0.012929,
          -0.004819,
          -0.012688,
          0.03673,
          0.028244,
          0.014768,
          -0.00663,
          1.0,
          0.010938,
          0.02652,
          -0.021862
        ],
        [
          0.029967,
          0.04187,
          -0.016265,
          -0.016314,
          0.029199,
          0.028521,
          0.01382,
          -0.007842,
          0.010938,
          1.0,
          0.017694,
          -0.012084
        ],
        [
          0.009828,
          -0.013262,
          -0.011666,
          0.001938,
          0.015401,
          -0.017169,
          -0.009342,
          -0.002017,
          0.02652,
          0.017694,
          1.0,
          -0.007165
        ],
        [
          -0.023712,
          -0.003782,
          -0.001957,
          0.008597,
          -0.002816,
          0.019498,
          -0.015865,
          0.007037,
          -0.021862,
          -0.012084,
          -0.007165,
          1.0
        ]
      ],
      "significant": [
        [
          true,
          false,
          false,
          false,
          false,
          false,
          false,
          true,
          true,
          true,
          false,
          false
        ],
        [
          false,
          true,
          false,
          false,
          false,
          false,
          false,
          false,
          false,
          true,
          false,
          false
        ],
        [
          false,
          false,
          true,
          false,
          false,
          false,
          false,
          false,
          false,
          false,
          false,
          false
        ],
        [
          false,
          false,
          false,
          true,
          false,
          false,
          false,
          false,
          false,
          false,
          false,
          false
        ],
        [
          false,
          false,
          false,
          false,
          true,
          false,
          false,
          true,
          true,
          true,
          false,
          false
        ],
        [
          false,
          false,
          false,
          false,
          false,
          true,
          false,
          false,
          true,
          true,
          false,
          false
        ],
        [
          false,
          false,
          false,
          false,
          false,
          false,
          true,
          false,
          false,
          false,
          false,
          false
        ],
        [
          true,
          false,
          false,
          false,
          true,
          false,
          false,
          true,
          false,
          false,
          false,
          false
        ],
        [
          true,
          false,
          false,
          false,
          true,
          true,
          false,
          false,
          true,
          false,
          false,
          false
        ],
        [
          true,
          true,
          false,
          false,
          true,
          true,
          false,
          false,
          false,
          true,
          false,
          false
        ],
        [
          false,
          false,
          false,
          false,
          false,
          false,
          false,
          false,
          false,
          false,
          true,
          false
        ],
        [
          false,
          false,
          false,
          false,
          false,
          false,
          false,
          false,
          false,
          false,
          false,
          true
        ]
      ]
    },
    {
      "spread": "IC",
      "prob": 1.0,
      "n_rows": 60000,
      "avg": 0.299896,
      "std": 0.448473,
      "removed": 102,
      "labels": [
        "dir=IN;k=0",
        "dir=IN;k=1",
        "dir=IN;k=4",
        "dir=IN;k=6",
        "dir=OUT;k=0",
        "dir=OUT;k=1",
        "dir=OUT;k=4",
        "dir=OUT;k=6",
        "dir=ALL;k=0",
        "dir=ALL;k=1",
        "dir=ALL;k=4",
        "dir=ALL;k=6"
      ],
      "matrix": [
        [
          1.0,
          -0.027226,
          null,
          null,
          0.008578,
          0.011102,
          null,
          null,
          0.005769,
          0.023072,
          null,
          null
        ],
        [
          -0.027226,
          1.0,
          null,
          null,
          0.014142,
          0.007054,
          null,
          null,
          0.016645,
          0.047916,
          null,
          null
        ],
        [
          null,
          null,
          1.0,
          null,
          null,
          null,
          null,
          null,
          null,
          null,
          null,
          null
        ],
        [
          null,
          null,
          null,
          1.0,
          null,
          null,
          null,
          null,
          null,
          null,
          null,
          null
        ],
        [
          0.008578,
          0.014142,
          null,
          null,
          1.0,
          0.026962,
          null,
          null,
          0.00781,
          0.020116,
          null,
          null
        ],
        [
          0.011102,
          0.007054,
          null,
          null,
          0.026962,
          1.0,
          null,
          null,
          0.037175,
          0.044333,
          null,
          null
        ],
        [
          null,
          null,
          null,
          null,
          null,
          null,
          1.0,
          null,
          null,
          null,
          null,
          null
        ],
        [
          null,
          null,
          null,
          null,
          null,
          null,
          null,
          1.0,
          null,
          null,
          null,
          null
        ],
        [
          0.005769,
          0.016645,
          null,
          null,
          0.00781,
          0.037175,
          null,
          null,
          1.0,
          0.054377,
          null,
          null
        ],
        [
          0.023072,
          0.047916,
          null,
          null,
          0.020116,
          0.044333,
          null,
          null,
          0.054377,
          1.0,
          null,
          null
        ],
        [
          null,
          null,
          null,
          null,
          null,
          null,
          null,
          null,
          null,
          null,
          1.0,
          null
        ],
        [
          null,
          null,
          null,
          null,
          null,
          null,
          null,
          null,
          null,
          null,
          null,
          1.0
        ]
      ],
      "significant": [
        [
          true,
          false,
          false,
          false,
          false,
          false,
          false,
          false,
          false,
          false,
          false,
          false
        ],
        [
          false,
          true,
          false,
          false,
          false,
          false,
          false,
          false,
          false,
          true,
          false,
          false
        ],
        [
          false,
          false,
          true,
          false,
          false,
          false,
          false,
          false,
          false,
          false,
          false,
          false
        ],
        [
          false,
          false,
          false,
          true,
          false,
          false,
          false,
          false,
          false,
          false,
          false,
          false
        ],
        [
          false,
          false,
          false,
          false,
          true,
          false,
          false,
          false,
          false,
          false,
          false,
          false
        ],
        [
          false,
          false,
          false,
          false,
          false,
          true,
          false,
          false,
          true,
          true,
          false,
          false
        ],
        [
          false,
          false,
          false,
          false,
          false,
          false,
          true,
          false,
          false,
          false,
          false,
          false
        ],
        [
          false,
          false,
          false,
          false,
          false,
          false,
          false,
          true,
          false,
          false,
          false,
          false
        ],
        [
          false,
          false,
          false,
          false,
          false,
          true,
          false,
          false,
          true,
          true,
          false,
          false
        ],
        [
          false,
          true,
          false,
          false,
          false,
          true,
          false,
          false,
          true,
          true,
          false,
          false
        ],
        [
          false,
          false,
          false,
          false,
          false,
          false,
          false,
          false,
          false,
          false,
          true,
          false
        ],
        [
          false,
          false,
          false,
          false,
          false,
          false,
          false,
          false,
          false,
          false,
          false,
          true
        ]
      ]
    }
  ]
}