{
  "network_id": 5,
  "spread_model": "IC",
  "correlations": [
    {
      "spread": "IC",
      "prob": 0.25,
      "n_rows": 60000,
      "avg": 0.08668,
      "std": 0.27663,
      "removed": 0,
      "labels": [
        "dir=IN;k=0",
        "dir=IN;k=1",
        "dir=IN;k=4",
        "dir=IN;k=6",
        "dir=OUT;k=0",
        "dir=OUT;k=1",
        "dir=OUT;k=4",
        "dir=OUT;k=6",
        "dir=ALL;k=0",
        "dir=ALL;k=1",
        "dir=ALL;k=4",
        "dir=ALL;k=6"
      ],
      "matrix": [
        [
          1.0,
          -0.000638,
          -0.005574,
          -0.001833,
          -0.003895,
          -0.004062,
          0.010202,
          -0.001952,
          0.000807,
          0.022437,
          0.018064,
          0.002131
        ],
        [
          -0.000638,
          1.0,
          0.001476,
          0.014148,
          0.006924,
          -0.000661,
          0.013978,
          0.018993,
          -0.025754,
          0.021645,
          -0.00575,
          0.002573
        ],
        [
          -0.005574,
          0.001476,
          1.0,
          -0.000177,
          -0.015983,
          -0.010708,
          -0.000763,
          -0.006805,
          -0.013692,
          0.01855,
          0.01481,
          0.001684
        ],
        [
          -0.001833,
          0.014148,
          -0.000177,
          1.0,
          -0.011209,
          -0.000941,
          0.008553,
          0.02196,
          -0.021716,
          -0.004978,
          -0.016961,
          0.006134
        ],
        [
          -0.003895,
          0.006924,
          -0.015983,
          -0.011209,
          1.0,
          0.02679,
          -0.014097,
          0.019248,
          0.035612,
          0.018601,
          -0.012302,
          0.007253
        ],
        [
          -0.004062,
          -0.000661,
          -0.010708,
          -0.000941,
          0.02679,
          1.0,
          0.01602,
          -0.026892,
          0.013679,
          -0.00164,
          0.012319,
          0.008851
        ],
        [
          0.010202,
          0.013978,
          -0.000763,
          0.008553,
          -0.014097,
          0.01602,
          1.0,
          0.012988,
          0.027284,
          -0.002339,
          0.007546,
          -0.007611
        ],
        [
          -0.001952,
          0.018993,
          -0.006805,
          0.02196,
          0.019248,
          -0.026892,
          0.012988,
          1.0,
          0.012785,
          -0.003474,
          0.006623,
          0.00435
        ],
        [
          0.000807,
          -0.025754,
          -0.013692,
          -0.021716,
          0.035612,
          0.013679,
          0.027284,
          0.012785,
          1.0,
          0.011189,
          -0.009141,
          0.027349
        ],
        [
          0.022437,
          0.021645,
          0.01855,
          -0.004978,
          0.018601,
          -0.00164,
          -0.002339,
          -0.003474,
          0.011189,
          1.0,
          -0.006342,
          0.005242
        ],
        [
          0.018064,
          -0.00575,
          0.01481,
          -0.016961,
          -0.012302,
          0.012319,
          0.007546,
          0.006623,
          -0.009141,
          -0.006342,
          1.0,
          8.1e-05
        ],
        [
          0.002131,
          0.002573,
          0.001684,
          0.006134,
          0.007253,
          0.008851,
          -0.007611,
          0.00435,
          0.027349,
          0.005242,
          8.1e-05,
          1.0
        ]
      ],
      "significant": [
        [
          true,
          false,
          false,
          false,
          false,
          false,
          false,
          false,
          false,
          false,
          false,
          false
        ],
        [
          false,
          true,
          false,
          false,
          false,
          false,
          false,
          false,
          false,
          false,
          false,
          false
        ],
        [
          false,
          false,
          true,
          false,
          false,
          false,
          false,
          false,
          false,
          false,
          false,
          false
        ],
        [
          false,
          false,
          false,
          true,
          false,
          false,
          false,
          false,
          false,
          false,
          false,
          false
        ],
        [
          false,
          false,
          false,
          false,
          true,
          false,
          false,
          false,
          true,
          false,
          false,
          false
        ],
        [
          false,
          false,
          false,
          false,
          false,
          true,
          false,
          false,
          false,
          false,
          false,
          false
        ],
        [
          false,
          false,
          false,
          false,
          false,
          false,
          true,
          false,
          false,
          false,
          false,
          false
        ],
        [
          false,
          false,
          false,
          false,
          false,
          false,
          false,
          true,
          false,
          false,
          false,
          false
        ],
        [
          false,
          false,
          false,
          false,
          true,
          false,
          false,
          false,
          true,
          false,
          false,
          false
        ],
        [
          false,
          false,
          false,
          false,
          false,
          false,
          false,
          false,
          false,
          true,
          false,
          false
        ],
        [
          false,
          false,
          false,
          false,
          false,
          false,
          false,
          false,
          false,
          false,
          true,
          false
        ],
        [
          false,
          false,
          false,
          false,
          false,
          false,
          false,
          false,
          false,
          false,
          false,
          true
        ]
      ]
    },
    {
      "spread": "IC",
      "prob": 0.5,
      "n_rows": 60000,
      "avg": 0.087001,
      "std": 0.276637,
      "removed": 0,
      "labels": [
        "dir=IN;k=0",
        "dir=IN;k=1",
        "dir=IN;k=4",
        "dir=IN;k=6",
        "dir=OUT;k=0",
        "dir=OUT;k=1",
        "dir=OUT;k=4",
        "dir=OUT;k=6",
        "dir=ALL;k=0",
        "dir=ALL;k=1",
        "dir=ALL;k=4",
        "dir=ALL;k=6"
      ],
      "matrix": [
        [
          1.0,
          -0.009951,
          -0.028933,
          0.003231,
          -0.004285,
          0.01049,
          -0.016752,
          -0.013799,
          0.002399,
          -0.005224,
          0.002917,
          -0.01106
        ],
        [
          -0.009951,
          1.0,
          0.020554,
          -0.007402,
          0.015236,
          -0.028438,
          -0.026752,
          0.002703,
          0.018954,
          0.021429,
          -0.010074,
          -0.001944
        ],
        [
          -0.028933,
          0.020554,
          1.0,
          0.010762,
          0.020914,
          0.01363,
          0.013612,
          -0.008284,
          -0.006292,
          0.018598,
          0.002433,
          0.003042
        ],
        [
          0.003231,
          -0.007402,
          0.010762,
          1.0,
          -0.018939,
          -0.011397,
          -0.003286,
          -0.004611,
          -0.001545,
          -0.002687,
          -0.003878,
          0.000547
        ],
        [
          -0.004285,
          0.015236,
          0.020914,
          -0.018939,
          1.0,
          0.018857,
          0.009711,
          0.022722,
          0.014058,
          0.019143,
          0.001822,
          -0.011401
        ],
        [
          0.01049,
          -0.028438,
          0.01363,
          -0.011397,
          0.018857,
          1.0,
          0.00751,
          0.018197,
          0.021211,
          0.052337,
          0.002424,
          -0.00958
        ],
        [
          -0.016752,
          -0.026752,
          0.013612,
          -0.003286,
          0.009711,
          0.00751,
          1.0,
          -0.000321,
          0.018499,
          0.024402,
          0.004007,
          0.005862
        ],
        [
          -0.013799,
          0.002703,
          -0.008284,
          -0.004611,
          0.022722,
          0.018197,
          -0.000321,
          1.0,
          0.024051,
          0.014282,
          -0.012024,
          -0.011948
        ],
        [
          0.002399,
          0.018954,
          -0.006292,
          -0.001545,
          0.014058,
          0.021211,
          0.018499,
          0.024051,
          1.0,
          0.044371,
          0.022374,
          -0.0018
        ],
        [
          -0.005224,
          0.021429,
          0.018598,
          -0.002687,
          0.019143,
          0.052337,
          0.024402,
          0.014282,
          0.044371,
          1.0,
          0.007264,
          -0.000942
        ],
        [
          0.002917,
          -0.010074,
          0.002433,
          -0.003878,
          0.001822,
          0.002424,
          0.004007,
          -0.012024,
          0.022374,
          0.007264,
          1.0,
          0.003067
        ],
        [
          -0.01106,
          -0.001944,
          0.003042,
          0.000547,
          -0.011401,
          -0.00958,
          0.005862,
          -0.011948,
          -0.0018,
          -0.000942,
          0.003067,
          1.0
        ]
      ],
      "significant": [
        [
          true,
          false,
          true,
          false,
          false,
          false,
          false,
          false,
          false,
          false,
          false,
          false
        ],
        [
          false,
          true,
          false,
          false,
          false,
          true,
          false,
          false,
          false,
          false,
          false,
          false
        ],
        [
          true,
          false,
          true,
          false,
          false,
          false,
          false,
          false,
          false,
          false,
          false,
          false
        ],
        [
          false,
          false,
          false,
          true,
          false,
          false,
          false,
          false,
          false,
          false,
          false,
          false
        ],
        [
          false,
          false,
          false,
          false,
          true,
          false,
          false,
          false,
          false,
          false,
          false,
          false
        ],
        [
          false,
          true,
          false,
          false,
          false,
          true,
          false,
          false,
          false,
          true,
          false,
          false
        ],
        [
          false,
          false,
          false,
          false,
          false,
          false,
          true,
          false,
          false,
          false,
          false,
          false
        ],
        [
          false,
          false,
          false,
          false,
          false,
          false,
          false,
          true,
          false,
          false,
          false,
          false
        ],
        [
          false,
          false,
          false,
          false,
          false,
          false,
          false,
          false,
          true,
          true,
          false,
          false
        ],
        [
          false,
          false,
          false,
          false,
          false,
          true,
          false,
          false,
          true,
          true,
          false,
          false
        ],
        [
          false,
          false,
          false,
          false,
          false,
          false,
          false,
          false,
          false,
          false,
          true,
          false
        ],
        [
          false,
          false,
          false,
          false,
          false,
          false,
          false,
          false,
          false,
          false,
          false,
          true
        ]
      ]
    },
    {
      "spread": "IC",
      "prob": 0.75,
      "n_rows": 60000,
      "avg": 0.08536,
      "std": 0.277223,
      "removed": 0,
      "labels": [
        "dir=IN;k=0",
        "dir=IN;k=1",
        "dir=IN;k=4",
        "dir=IN;k=6",
        "dir=OUT;k=0",
        "dir=OUT;k=1",
        "dir=OUT;k=4",
        "dir=OUT;k=6",
        "dir=ALL;k=0",
        "dir=ALL;k=1",
        "dir=ALL;k=4",
        "dir=ALL;k=6"
      ],
      "matrix": [
        [
          1.0,
          -0.022334,
          0.025156,
          -0.01114,
          0.027496,
          0.033817,
          0.030468,
          -0.008276,
          0.008702,
          0.020966,
          0.02622,
          0.006132
        ],
        [
          -0.022334,
          1.0,
          0.003312,
          0.014056,
          0.006772,
          -0.009786,
          -0.007605,
          0.015726,
          0.010736,
          0.02315,
          -0.007592,
          0.016706
        ],
        [
          0.025156,
          0.003312,
          1.0,
          0.020844,
          -0.001601,
          0.004285,
          -0.002832,
          -0.009753,
          -0.001486,
          -0.009261,
          -0.019011,
          0.010406
        ],
        [
          -0.01114,
          0.014056,
          0.020844,
          1.0,
          -0.003769,
          -0.006463,
          -0.023529,
          0.010063,
          -0.006774,
          -0.000294,
          -0.004869,
          -0.018189
        ],
        [
          0.027496,
          0.006772,
          -0.001601,
          -0.003769,
          1.0,
          0.040746,
          0.000484,
          0.006536,
          0.023791,
          0.022994,
          -0.016753,
          -0.011833
        ],
        [
          0.033817,
          -0.009786,
          0.004285,
          -0.006463,
          0.040746,
          1.0,
          0.002074,
          -0.017092,
          0.029422,
          0.017268,
          -0.008884,
          -0.037537
        ],
        [
          0.030468,
          -0.007605,
          -0.002832,
          -0.023529,
          0.000484,
          0.002074,
          1.0,
          -0.012191,
          -0.001973,
          -0.014048,
          -0.027777,
          -0.012957
        ],
        [
          -0.008276,
          0.015726,
          -0.009753,
          0.010063,
          0.006536,
          -0.017092,
          -0.012191,
          1.0,
          -0.007066,
          -0.000577,
          0.017958,
          -0.014313
        ],
        [
          0.008702,
          0.010736,
          -0.001486,
          -0.006774,
          0.023791,
          0.029422,
          -0.001973,
          -0.007066,
          1.0,
          0.042811,
          -0.013839,
          0.006703
        ],
        [
          0.020966,
          0.02315,
          -0.009261,
          -0.000294,
          0.022994,
          0.017268,
          -0.014048,
          -0.000577,
          0.042811,
          1.0,
          -0.012941,
          -0.002635
        ],
        [
          0.02622,
          -0.007592,
          -0.019011,
          -0.004869,
          -0.016753,
          -0.008884,
          -0.027777,
          0.017958,
          -0.013839,
          -0.012941,
          1.0,
          0.007124
        ],
        [
          0.006132,
          0.016706,
          0.010406,
          -0.018189,
          -0.011833,
          -0.037537,
          -0.012957,
          -0.014313,
          0.006703,
          -0.002635,
          0.007124,
          1.0
        ]
      ],
      "significant": [
        [
          true,
          false,
          false,
          false,
          false,
          true,
          true,
          false,
          false,
          false,
          false,
          false
        ],
        [
          false,
          true,
          false,
          false,
          false,
          false,
          false,
          false,
          false,
          false,
          false,
          false
        ],
        [
          false,
          false,
          true,
          false,
          false,
          false,
          false,
          false,
          false,
          false,
          false,
          false
        ],
        [
          false,
          false,
          false,
          true,
          false,
          false,
          false,
          false,
          false,
          false,
          false,
          false
        ],
        [
          false,
          false,
          false,
          false,
          true,
          true,
          false,
          false,
          false,
          false,
          false,
          false
        ],
        [
          true,
          false,
          false,
          false,
          true,
          true,
          false,
          false,
          true,
          false,
          false,
          true
        ],
        [
          true,
          false,
          false,
          false,
          false,
          false,
          true,
          false,
          false,
          false,
          true,
          false
        ],
        [
          false,
          false,
          false,
          false,
          false,
          false,
          false,
          true,
          false,
          false,
          false,
          false
        ],
        [
          false,
          false,
          false,
          false,
          false,
          true,
          false,
          false,
          true,
          true,
          false,
          false
        ],
        [
          false,
          false,
          false,
          false,
          false,
          false,
          false,
          false,
          true,
          true,
          false,
          false
        ],
        [
          false,
          false,
          false,
          false,
          false,
          false,
          true,
          false,
          false,
          false,
          true,
          false
        ],
        [
          false,
          false,
          false,
          false,
          false,
          true,
          false,
          false,
          false,
          false,
          false,
          true
        ]
      ]
    },
    {
      "spread": "IC",
      "prob": 1.0,
      "n_rows": 60000,
      "avg": 0.302192,
      "std": 0.446845,
      "removed": 102,
      "labels": [
        "dir=IN;k=0",
        "dir=IN;k=1",
        "dir=IN;k=4",
        "dir=IN;k=6",
        "dir=OUT;k=0",
        "dir=OUT;k=1",
        "dir=OUT;k=4",
        "dir=OUT;k=6",
        "dir=ALL;k=0",
        "dir=ALL;k=1",
        "dir=ALL;k=4",
        "dir=ALL;k=6"
      ],
      "matrix": [
        [
          1.0,
          0.002663,
          null,
          null,
          0.019728,
          0.040519,
          null,
          null,
          0.018736,
          0.017222,
          null,
          null
        ],
        [
          0.002663,
          1.0,
          null,
          null,
          0.016795,
          0.010938,
          null,
          null,
          0.005474,
          0.023031,
          null,
          null
        ],
        [
          null,
          null,
          1.0,
          null,
          null,
          null,
          null,
          null,
          null,
          null,
          null,
          null
        ],
        [
          null,
          null,
          null,
          1.0,
          null,
          null,
          null,
          null,
          null,
          null,
          null,
          null
        ],
        [
          0.019728,
          0.016795,
          null,
          null,
          1.0,
          0.046785,
          null,
          null,
          0.012475,
          0.036294,
          null,
          null
        ],
        [
          0.040519,
          0.010938,
          null,
          null,
          0.046785,
          1.0,
          null,
          null,
          0.012608,
          0.047587,
          null,
          null
        ],
        [
          null,
          null,
          null,
          null,
          null,
          null,
          1.0,
          null,
          null,
          null,
          null,
          null
        ],
        [
          null,
          null,
          null,
          null,
          null,
          null,
          null,
          1.0,
          null,
          null,
          null,
          null
        ],
        [
          0.018736,
          0.005474,
          null,
          null,
          0.012475,
          0.012608,
          null,
          null,
          1.0,
          0.035176,
          null,
          null
        ],
        [
          0.017222,
          0.023031,
          null,
          null,
          0.036294,
          0.047587,
          null,
          null,
          0.035176,
          1.0,
          null,
          null
        ],
        [
          null,
          null,
          null,
          null,
          null,
          null,
          null,
          null,
          null,
          null,
          1.0,
          null
        ],
        [
          null,
          null,
          null,
          null,
          null,
          null,
          null,
          null,
          null,
          null,
          null,
          1.0
        ]
      ],
      "significant": [
        [
          true,
          false,
          false,
          false,
          false,
          true,
          false,
          false,
          false,
          false,
          false,
          false
        ],
        [
          false,
          true,
          false,
          false,
          false,
          false,
          false,
          false,
          false,
          false,
          false,
          false
        ],
        [
          false,
          false,
          true,
          false,
          false,
          false,
          false,
          false,
          false,
          false,
          false,
          false
        ],
        [
          false,
          false,
          false,
          true,
          false,
          false,
          false,
          false,
          false,
          false,
          false,
          false
        ],
        [
          false,
          false,
          false,
          false,
          true,
          true,
          false,
          false,
          false,
          true,
          false,
          false
        ],
        [
          true,
          false,
          false,
          false,
          true,
          true,
          false,
          false,
          false,
          true,
          false,
          false
        ],
        [
          false,
          false,
          false,
          false,
          false,
          false,
          true,
          false,
          false,
          false,
          false,
          false
        ],
        [
          false,
          false,
          false,
          false,
          false,
          false,
          false,
          true,
          false,
          false,
          false,
          false
        ],
        [
          false,
          false,
          false,
          false,
          false,
          false,
          false,
          false,
          true,
          true,
          false,
          false
        ],
        [
          false,
          false,
          false,
          false,
          true,
          true,
          false,
          false,
          true,
          true,
          false,
          false
        ],
        [
          false,
          false,
          false,
          false,
          false,
          false,
          false,
          false,
          false,
          false,
          true,
          false
        ],
        [
          false,
          false,
          false,
          false,
          false,
          false,
          false,
          false,
          false,
          false,
          false,
          true
        ]
      ]
    }
  ]
}