{
  "network_id": 6,
  "spread_model": "IC",
  "correlations": [
    {
      "spread": "IC",
      "prob": 0.25,
      "n_rows": 60000,
      "avg": 0.087015,
      "std": 0.276706,
      "removed": 0,
      "labels": [
        "dir=IN;k=0",
        "dir=IN;k=1",
        "dir=IN;k=4",
        "dir=IN;k=6",
        "dir=OUT;k=0",
        "dir=OUT;k=1",
        "dir=OUT;k=4",
        "dir=OUT;k=6",
        "dir=ALL;k=0",
        "dir=ALL;k=1",
        "dir=ALL;k=4",
        "dir=ALL;k=6"
      ],
      "matrix": [
        [
          1.0,
          0.005661,
          -0.023526,
          -0.004956,
          0.016098,
          0.031609,
          0.003629,
          0.007488,
          0.009545,
          -0.003198,
          -0.007061,
          0.02628
        ],
        [
          0.005661,
          1.0,
          0.034398,
          -0.003731,
          0.027394,
          -0.005459,
          -0.014836,
          -0.019868,
          -0.008585,
          0.008401,
          -0.005673,
          -0.013546
        ],
        [
          -0.023526,
          0.034398,
          1.0,
          0.010151,
          -0.021365,
          0.030112,
          0.035173,
          -0.002081,
          -0.011193,
          -0.007081,
          -0.021285,
          -0.021788
        ],
        [
          -0.004956,
          -0.003731,
          0.010151,
          1.0,
          0.013384,
          0.001777,
          -0.003722,
          -0.021361,
          0.00385,
          0.01333,
          -0.01812,
          0.008817
        ],
        [
          0.016098,
          0.027394,
          -0.021365,
          0.013384,
          1.0,
          0.012589,
          0.020327,
          0.007867,
          0.008648,
          0.032652,
          0.020304,
          0.017679
        ],
        [
          0.031609,
          -0.005459,
          0.030112,
          0.001777,
          0.012589,
          1.0,
          0.04289,
          0.027189,
          0.030391,
          -0.019494,
          -0.009912,
          -0.006324
        ],
        [
          0.003629,
          -0.014836,
          0.035173,
          -0.003722,
          0.020327,
          0.04289,
          1.0,
          0.002444,
          -0.015898,
          0.015052,
          0.003335,
          0.006408
        ],
        [
          0.007488,
          -0.019868,
          -0.002081,
          -0.021361,
          0.007867,
          0.027189,
          0.002444,
          1.0,
          0.006212,
          0.005406,
          0.032203,
          -0.003138
        ],
        [
          0.009545,
          -0.008585,
          -0.011193,
          0.00385,
          0.008648,
          0.030391,
          -0.015898,
          0.006212,
          1.0,
          -0.007333,
          -0.014107,
          -0.007505
        ],
        [
          -0.003198,
          0.008401,
          -0.007081,
          0.01333,
          0.032652,
          -0.019494,
          0.015052,
          0.005406,
          -0.007333,
          1.0,
          0.003089,
          -0.010411
        ],
        [
          -0.007061,
          -0.005673,
          -0.021285,
          -0.01812,
          0.020304,
          -0.009912,
          0.003335,
          0.032203,
          -0.014107,
          0.003089,
          1.0,
          0.015877
        ],
        [
          0.02628,
          -0.013546,
          -0.021788,
          0.008817,
          0.017679,
          -0.006324,
          0.006408,
          -0.003138,
          -0.007505,
          -0.010411,
          0.015877,
          1.0
        ]
      ],
      "significant": [
        [
          true,
          false,
          false,
          false,
          false,
          true,
          false,
          false,
          false,
          false,
          false,
          false
        ],
        [
          false,
          true,
          true,
          false,
          false,
          false,
          false,
          false,
          false,
          false,
          false,
          false
        ],
        [
          false,
          true,
          true,
          false,
          false,
          true,
          true,
          false,
          false,
          false,
          false,
          false
        ],
        [
          false,
          false,
          false,
          true,
          false,
          false,
          false,
          false,
          false,
          false,
          false,
          false
        ],
        [
          false,
          false,
          false,
          false,
          true,
          false,
          false,
          false,
          false,
          true,
          false,
          false
        ],
        [
          true,
          false,
          true,
          false,
          false,
          true,
          true,
          false,
          true,
          false,
          false,
          false
        ],
        [
          false,
          false,
          true,
          false,
          false,
          true,
          true,
          false,
          false,
          false,
          false,
          false
        ],
        [
          false,
          false,
          false,
          false,
          false,
          false,
          false,
          true,
          false,
          false,
          true,
          false
        ],
        [
          false,
          false,
          false,
          false,
          false,
          true,
          false,
          false,
          true,
          false,
          false,
          false
        ],
        [
          false,
          false,
          false,
          false,
          true,
          false,
          false,
          false,
          false,
          true,
          false,
          false
        ],
        [
          false,
          false,
          false,
          false,
          false,
          false,
          false,
          true,
          false,
          false,
          true,
          false
        ],
        [
          false,
          false,
          false,
          false,
          false,
          false,
          false,
          false,
          false,
          false,
          false,
          true
        ]
      ]
    },
    {
      "spread": "IC",
      "prob": 0.5,
      "n_rows": 60000,
      "avg": 0.08472,
      "std": 0.277303,
      "removed": 0,
      "labels": [
        "dir=IN;k=0",
        "dir=IN;k=1",
        "dir=IN;k=4",
        "dir=IN;k=6",
        "dir=OUT;k=0",
        "dir=OUT;k=1",
        "dir=OUT;k=4",
        "dir=OUT;k=6",
        "dir=ALL;k=0",
        "dir=ALL;k=1",
        "dir=ALL;k=4",
        "dir=ALL;k=6"
      ],
      "matrix": [
        [
          1.0,
          0.005454,
          -0.027433,
          0.000344,
          0.000233,
          0.015288,
          -0.010641,
          -0.014642,
          0.005625,
          0.027434,
          -0.011544,
          0.003559
        ],
        [
          0.005454,
          1.0,
          0.007582,
          -0.004208,
          0.00521,
          0.009898,
          -0.012951,
          -0.009882,
          -0.024419,
          0.025967,
          -0.020924,
          0.005964
        ],
        [
          -0.027433,
          0.007582,
          1.0,
          0.001894,
          0.002068,
          -0.006874,
          -0.008849,
          -0.028903,
          0.007016,
          -0.008968,
          -0.00866,
          0.01354
        ],
        [
          0.000344,
          -0.004208,
          0.001894,
          1.0,
          0.015124,
          -0.0008,
          -0.001603,
          0.015568,
          0.006484,
          -0.003162,
          0.007995,
          0.013532
        ],
        [
          0.000233,
          0.00521,
          0.002068,
          0.015124,
          1.0,
          0.019821,
          -0.014192,
          0.010978,
          0.015537,
          0.034876,
          -0.019229,
          0.009052
        ],
        [
          0.015288,
          0.009898,
          -0.006874,
          -0.0008,
          0.019821,
          1.0,
          -0.015522,
          -0.026808,
          0.039104,
          0.015764,
          -0.021636,
          0.006972
        ],
        [
          -0.010641,
          -0.012951,
          -0.008849,
          -0.001603,
          -0.014192,
          -0.015522,
          1.0,
          0.002798,
          -0.002108,
          0.019022,
          0.002708,
          -0.007612
        ],
        [
          -0.014642,
          -0.009882,
          -0.028903,
          0.015568,
          0.010978,
          -0.026808,
          0.002798,
          1.0,
          -0.02827,
          0.003962,
          0.017526,
          0.004069
        ],
        [
          0.005625,
          -0.024419,
          0.007016,
          0.006484,
          0.015537,
          0.039104,
          -0.002108,
          -0.02827,
          1.0,
          0.021058,
          0.002486,
          0.015168
        ],
        [
          0.027434,
          0.025967,
          -0.008968,
          -0.003162,
          0.034876,
          0.015764,
          0.019022,
          0.003962,
          0.021058,
          1.0,
          -0.005186,
          0.010688
        ],
        [
          -0.011544,
          -0.020924,
          -0.00866,
          0.007995,
          -0.019229,
          -0.021636,
          0.002708,
          0.017526,
          0.002486,
          -0.005186,
          1.0,
          -0.002471
        ],
        [
          0.003559,
          0.005964,
          0.01354,
          0.013532,
          0.009052,
          0.006972,
          -0.007612,
          0.004069,
          0.015168,
          0.010688,
          -0.002471,
          1.0
        ]
      ],
      "significant": [
        [
          true,
          false,
          false,
          false,
          false,
          false,
          false,
          false,
          false,
          false,
          false,
          false
        ],
        [
          false,
          true,
          false,
          false,
          false,
          false,
          false,
          false,
          false,
          false,
          false,
          false
        ],
        [
          false,
          false,
          true,
          false,
          false,
          false,
          false,
          true,
          false,
          false,
          false,
          false
        ],
        [
          false,
          false,
          false,
          true,
          false,
          false,
          false,
          false,
          false,
          false,
          false,
          false
        ],
        [
          false,
          false,
          false,
          false,
          true,
          false,
          false,
          false,
          false,
          true,
          false,
          false
        ],
        [
          false,
          false,
          false,
          false,
          false,
          true,
          false,
          false,
          true,
          false,
          false,
          false
        ],
        [
          false,
          false,
          false,
          false,
          false,
          false,
          true,
          false,
          false,
          false,
          false,
          false
        ],
        [
          false,
          false,
          true,
          false,
          false,
          false,
          false,
          true,
          true,
          false,
          false,
          false
        ],
        [
          false,
          false,
          false,
          false,
          false,
          true,
          false,
          true,
          true,
          false,
          false,
          false
        ],
        [
          false,
          false,
          false,
          false,
          true,
          false,
          false,
          false,
          false,
          true,
          false,
          false
        ],
        [
          false,
          false,
          false,
          false,
          false,
          false,
          false,
          false,
          false,
          false,
          true,
          false
        ],
        [
          false,
          false,
          false,
          false,
          false,
          false,
          false,
          false,
          false,
          false,
          false,
          true
        ]
      ]
    },
    {
      "spread": "IC",
      "prob": 0.75,
      "n_rows": 60000,
      "avg": 0.084525,
      "std": 0.277377,
      "removed": 0,
      "labels": [
        "dir=IN;k=0",
        "dir=IN;k=1",
        "dir=IN;k=4",
        "dir=IN;k=6",
        "dir=OUT;k=0",
        "dir=OUT;k=1",
        "dir=OUT;k=4",
        "dir=OUT;k=6",
        "dir=ALL;k=0",
        "dir=ALL;k=1",
        "dir=ALL;k=4",
        "dir=ALL;k=6"
      ],
      "matrix": [
        [
          1.0,
          0.027929,
          0.007183,
          -0.015564,
          -0.000246,
          0.03851,
          -0.003394,
          -0.003066,
          -0.022356,
          0.015182,
          0.014433,
          -0.010105
        ],
        [
          0.027929,
          1.0,
          -0.009078,
          -0.010966,
          0.011763,
          -0.002929,
          -0.011183,
          -0.003625,
          0.014569,
          0.041605,
          0.008868,
          -0.014295
        ],
        [
          0.007183,
          -0.009078,
          1.0,
          0.003357,
          0.005945,
          0.004799,
          -0.006696,
          -0.015922,
          0.008231,
          -0.011942,
          -0.015042,
          -0.006277
        ],
        [
          -0.015564,
          -0.010966,
          0.003357,
          1.0,
          -0.021424,
          0.004774,
          -0.007601,
          -0.013749,
          -0.013292,
          -0.009176,
          -0.014441,
          -0.005547
        ],
        [
          -0.000246,
          0.011763,
          0.005945,
          -0.021424,
          1.0,
          0.037366,
          -0.000316,
          -0.005403,
          0.013273,
          0.009182,
          0.015682,
          -0.001586
        ],
        [
          0.03851,
          -0.002929,
          0.004799,
          0.004774,
          0.037366,
          1.0,
          -0.003359,
          0.027602,
          0.015448,
          0.045984,
          -0.001524,
          0.014013
        ],
        [
          -0.003394,
          -0.011183,
          -0.006696,
          -0.007601,
          -0.000316,
          -0.003359,
          1.0,
          0.00386,
          -0.009504,
          -0.00261,
          0.00584,
          -0.019219
        ],
        [
          -0.003066,
          -0.003625,
          -0.015922,
          -0.013749,
          -0.005403,
          0.027602,
          0.00386,
          1.0,
          0.014206,
          -0.015018,
          -5e-06,
          0.006344
        ],
        [
          -0.022356,
          0.014569,
          0.008231,
          -0.013292,
          0.013273,
          0.015448,
          -0.009504,
          0.014206,
          1.0,
          -0.000169,
          -0.010765,
          0.014827
        ],
        [
          0.015182,
          0.041605,
          -0.011942,
          -0.009176,
          0.009182,
          0.045984,
          -0.00261,
          -0.015018,
          -0.000169,
          1.0,
          -0.001902,
          -0.021542
        ],
        [
          0.014433,
          0.008868,
          -0.015042,
          -0.014441,
          0.015682,
          -0.001524,
          0.00584,
          -5e-06,
          -0.010765,
          -0.001902,
          1.0,
          -0.004106
        ],
        [
          -0.010105,
          -0.014295,
          -0.006277,
          -0.005547,
          -0.001586,
          0.014013,
          -0.019219,
          0.006344,
          0.014827,
          -0.021542,
          -0.004106,
          1.0
        ]
      ],
      "significant": [
        [
          true,
          true,
          false,
          false,
          false,
          true,
          false,
          false,
          false,
          false,
          false,
          false
        ],
        [
          true,
          true,
          false,
          false,
          false,
          false,
          false,
          false,
          false,
          true,
          false,
          false
        ],
        [
          false,
          false,
          true,
          false,
          false,
          false,
          false,
          false,
          false,
          false,
          false,
          false
        ],
        [
          false,
          false,
          false,
          true,
          false,
          false,
          false,
          false,
          false,
          false,
          false,
          false
        ],
        [
          false,
          false,
          false,
          false,
          true,
          true,
          false,
          false,
          false,
          false,
          false,
          false
        ],
        [
          true,
          false,
          false,
          false,
          true,
          true,
          false,
          false,
          false,
          true,
          false,
          false
        ],
        [
          false,
          false,
          false,
          false,
          false,
          false,
          true,
          false,
          false,
          false,
          false,
          false
        ],
        [
          false,
          false,
          false,
          false,
          false,
          false,
          false,
          true,
          false,
          false,
          false,
          false
        ],
        [
          false,
          false,
          false,
          false,
          false,
          false,
          false,
          false,
          true,
          false,
          false,
          false
        ],
        [
          false,
          true,
          false,
          false,
          false,
          true,
          false,
          false,
          false,
          true,
          false,
          false
        ],
        [
          false,
          false,
          false,
          false,
          false,
          false,
          false,
          false,
          false,
          false,
          true,
          false
        ],
        [
          false,
          false,
          false,
          false,
          false,
          false,
          false,
          false,
          false,
          false,
          false,
          true
        ]
      ]
    },
    {
      "spread": "IC",
      "prob": 1.0,
      "n_rows": 60000,
      "avg": 0.169349,
      "std": 0.33351,
      "removed": 22,
      "labels": [
        "dir=IN;k=0",
        "dir=IN;k=1",
        "dir=IN;k=4",
        "dir=IN;k=6",
        "dir=OUT;k=0",
        "dir=OUT;k=1",
        "dir=OUT;k=4",
        "dir=OUT;k=6",
        "dir=ALL;k=0",
        "dir=ALL;k=1",
        "dir=ALL;k=4",
        "dir=ALL;k=6"
      ],
      "matrix": [
        [
          1.0,
          -0.018194,
          0.010442,
          0.015998,
          0.023045,
          0.031946,
          -0.001445,
          -0.004577,
          -0.001937,
          0.028634,
          0.001468,
          null
        ],
        [
          -0.018194,
          1.0,
          0.042414,
          0.024492,
          -0.006726,
          0.015601,
          0.042397,
          0.024463,
          -0.014169,
          0.074102,
          0.03462,
          null
        ],
        [
          0.010442,
          0.042414,
          1.0,
          0.577466,
          0.010836,
          0.035261,
          0.6662,
          -0.000347,
          0.009566,
          0.042414,
          0.816251,
          null
        ],
        [
          0.015998,
          0.024492,
          0.577466,
          1.0,
          0.016274,
          0.012092,
          -0.000347,
          -0.0002,
          0.015854,
          0.024488,
          -0.000283,
          null
        ],
        [
          0.023045,
          -0.006726,
          0.010836,
          0.016274,
          1.0,
          0.039117,
          -0.001207,
          -0.004572,
          0.00521,
          0.009546,
          0.001756,
          null
        ],
        [
          0.031946,
          0.015601,
          0.035261,
          0.012092,
          0.039117,
          1.0,
          0.042414,
          0.024473,
          0.055851,
          0.047174,
          0.034634,
          null
        ],
        [
          -0.001445,
          0.042397,
          0.6662,
          -0.000347,
          -0.001207,
          0.042414,
          1.0,
          0.577466,
          -0.002742,
          0.0424,
          0.816251,
          null
        ],
        [
          -0.004577,
          0.024463,
          -0.000347,
          -0.0002,
          -0.004572,
          0.024473,
          0.577466,
          1.0,
          -0.005451,
          0.024463,
          -0.000283,
          null
        ],
        [
          -0.001937,
          -0.014169,
          0.009566,
          0.015854,
          0.00521,
          0.055851,
          -0.002742,
          -0.005451,
          1.0,
          0.040553,
          0.000498,
          null
        ],
        [
          0.028634,
          0.074102,
          0.042414,
          0.024488,
          0.009546,
          0.047174,
          0.0424,
          0.024463,
          0.040553,
          1.0,
          0.034624,
          null
        ],
        [
          0.001468,
          0.03462,
          0.816251,
          -0.000283,
          0.001756,
          0.034634,
          0.816251,
          -0.000283,
          0.000498,
          0.034624,
          1.0,
          null
        ],
        [
          null,
          null,
          null,
          null,
          null,
          null,
          null,
          null,
          null,
          null,
          null,
          1.0
        ]
      ],
      "significant": [
        [
          true,
          false,
          false,
          false,
          false,
          true,
          false,
          false,
          false,
          true,
          false,
          false
        ],
        [
          false,
          true,
          true,
          false,
          false,
          false,
          true,
          false,
          false,
          true,
          true,
          false
        ],
        [
          false,
          true,
          true,
          true,
          false,
          true,
          true,
          false,
          false,
          true,
          true,
          false
        ],
        [
          false,
          false,
          true,
          true,
          false,
          false,
          false,
          false,
          false,
          false,
          false,
          false
        ],
        [
          false,
          false,
          false,
          false,
          true,
          true,
          false,
          false,
          false,
          false,
          false,
          false
        ],
        [
          true,
          false,
          true,
          false,
          true,
          true,
          true,
          false,
          true,
          true,
          true,
          false
        ],
        [
          false,
          true,
          true,
          false,
          false,
          true,
          true,
          true,
          false,
          true,
          true,
          false
        ],
        [
          false,
          false,
          false,
          false,
          false,
          false,
          true,
          true,
          false,
          false,
          false,
          false
        ],
        [
          false,
          false,
          false,
          false,
          false,
          true,
          false,
          false,
          true,
          true,
          false,
          false
        ],
        [
          true,
          true,
          true,
          false,
          false,
          true,
          true,
          false,
          true,
          true,
          true,
          false
        ],
        [
          false,
          true,
          true,
          false,
          false,
          true,
          true,
          false,
          false,
          true,
          true,
          false
        ],
        [
          false,
          false,
          false,
          false,
          false,
          false,
          false,
          false,
          false,
          false,
          false,
          true
        ]
      ]
    }
  ]
}