{
  "network_id": 7,
  "spread_model": "IC",
  "correlations": [
    {
      "spread": "IC",
      "prob": 0.25,
      "n_rows": 60000,
      "avg": 0.084008,
      "std": 0.27753,
      "removed": 0,
      "labels": [
        "dir=IN;k=0",
        "dir=IN;k=1",
        "dir=IN;k=4",
        "dir=IN;k=6",
        "dir=OUT;k=0",
        "dir=OUT;k=1",
        "dir=OUT;k=4",
        "dir=OUT;k=6",
        "dir=ALL;k=0",
        "dir=ALL;k=1",
        "dir=ALL;k=4",
        "dir=ALL;k=6"
      ],
      "matrix": [
        [
          1.0,
          -7.3e-05,
          -0.013927,
          -0.036574,
          -0.007135,
          0.010045,
          0.020252,
          0.02499,
          0.007755,
          -0.004637,
          0.019846,
          -0.015786
        ],
        [
          -7.3e-05,
          1.0,
          -0.014652,
          0.010809,
          0.030631,
          0.014148,
          0.011695,
          -0.008834,
          0.009091,
          0.00712,
          -0.021471,
          0.012439
        ],
        [
          -0.013927,
          -0.014652,
          1.0,
          -0.001685,
          -0.02795,
          -0.020871,
          0.001223,
          0.002379,
          0.017485,
          0.011729,
          0.024779,
          -0.030974
        ],
        [
          -0.036574,
          0.010809,
          -0.001685,
          1.0,
          0.008591,
          0.008305,
          -0.017626,
          -0.030014,
          -0.014452,
          -0.004812,
          -0.014741,
          0.022403
        ],
        [
          -0.007135,
          0.030631,
          -0.02795,
          0.008591,
          1.0,
          0.020694,
          0.00826,
          0.020422,
          0.004858,
          0.001689,
          0.004467,
          0.017215
        ],
        [
          0.010045,
          0.014148,
          -0.020871,
          0.008305,
          0.020694,
          1.0,
          0.008804,
          -0.016191,
          -0.009886,
          0.010459,
          0.005121,
          0.002478
        ],
        [
          0.020252,
          0.011695,
          0.001223,
          -0.017626,
          0.00826,
          0.008804,
          1.0,
          -0.006543,
          0.016826,
          -0.008979,
          -0.002268,
          -0.01047
        ],
        [
          0.02499,
          -0.008834,
          0.002379,
          -0.030014,
          0.020422,
          -0.016191,
          -0.006543,
          1.0,
          0.020215,
          -0.009255,
          -0.016029,
          -0.002112
        ],
        [
          0.007755,
          0.009091,
          0.017485,
          -0.014452,
          0.004858,
          -0.009886,
          0.016826,
          0.020215,
          1.0,
          0.009066,
          -0.000281,
          0.002445
        ],
        [
          -0.004637,
          0.00712,
          0.011729,
          -0.004812,
          0.001689,
          0.010459,
          -0.008979,
          -0.009255,
          0.009066,
          1.0,
          0.015841,
          -0.012479
        ],
        [
          0.019846,
          -0.021471,
          0.024779,
          -0.014741,
          0.004467,
          0.005121,
          -0.002268,
          -0.016029,
          -0.000281,
          0.015841,
          1.0,
          -0.015278
        ],
        [
          -0.015786,
          0.012439,
          -0.030974,
          0.022403,
          0.017215,
          0.002478,
          -0.01047,
          -0.002112,
          0.002445,
          -0.012479,
          -0.015278,
          1.0
        ]
      ],
      "significant": [
        [
          true,
          false,
          false,
          true,
          false,
          false,
          false,
          false,
          false,
          false,
          false,
          false
        ],
        [
          false,
          true,
          false,
          false,
          true,
          false,
          false,
          false,
          false,
          false,
          false,
          false
        ],
        [
          false,
          false,
          true,
          false,
          true,
          false,
          false,
          false,
          false,
          false,
          false,
          true
        ],
        [
          true,
          false,
          false,
          true,
          false,
          false,
          false,
          true,
          false,
          false,
          false,
          false
        ],
        [
          false,
          true,
          true,
          false,
          true,
          false,
          false,
          false,
          false,
          false,
          false,
          false
        ],
        [
          false,
          false,
          false,
          false,
          false,
          true,
          false,
          false,
          false,
          false,
          false,
          false
        ],
        [
          false,
          false,
          false,
          false,
          false,
          false,
          true,
          false,
          false,
          false,
          false,
          false
        ],
        [
          false,
          false,
          false,
          true,
          false,
          false,
          false,
          true,
          false,
          false,
          false,
          false
        ],
        [
          false,
          false,
          false,
          false,
          false,
          false,
          false,
          false,
          true,
          false,
          false,
          false
        ],
        [
          false,
          false,
          false,
          false,
          false,
          false,
          false,
          false,
          false,
          true,
          false,
          false
        ],
        [
          false,
          false,
          false,
          false,
          false,
          false,
          false,
          false,
          false,
          false,
          true,
          false
        ],
        [
          false,
          false,
          true,
          false,
          false,
          false,
          false,
          false,
          false,
          false,
          false,
          true
        ]
      ]
    },
    {
      "spread": "IC",
      "prob": 0.5,
      "n_rows": 60000,
      "avg": 0.085871,
      "std": 0.276984,
      "removed": 0,
      "labels": [
        "dir=IN;k=0",
        "dir=IN;k=1",
        "dir=IN;k=4",
        "dir=IN;k=6",
        "dir=OUT;k=0",
        "dir=OUT;k=1",
        "dir=OUT;k=4",
        "dir=OUT;k=6",
        "dir=ALL;k=0",
        "dir=ALL;k=1",
        "dir=ALL;k=4",
        "dir=ALL;k=6"
      ],
      "matrix": [
        [
          1.0,
          -0.001577,
          -0.030263,
          0.016786,
          -0.005239,
          -0.011644,
          -0.03881,
          0.011179,
          0.003356,
          0.006632,
          -0.000408,
          0.010652
        ],
        [
          -0.001577,
          1.0,
          0.003675,
          0.006726,
          0.008099,
          0.004247,
          -0.006961,
          -0.000309,
          0.013272,
          0.037332,
          -0.003081,
          -0.004325
        ],
        [
          -0.030263,
          0.003675,
          1.0,
          -0.004027,
          0.006734,
          -0.010936,
          0.018772,
          -0.002698,
          0.013987,
          -0.0046,
          0.019972,
          -0.001501
        ],
        [
          0.016786,
          0.006726,
          -0.004027,
          1.0,
          0.016164,
          -0.010771,
          0.007737,
          -0.016633,
          -0.007038,
          0.003958,
          0.00479,
          0.026805
        ],
        [
          -0.005239,
          0.008099,
          0.006734,
          0.016164,
          1.0,
          0.02169,
          -0.003546,
          -0.000908,
          0.003626,
          -0.012322,
          0.018852,
          -0.023692
        ],
        [
          -0.011644,
          0.004247,
          -0.010936,
          -0.010771,
          0.02169,
          1.0,
          1.9e-05,
          -0.002723,
          0.011835,
          0.062667,
          -0.006258,
          0.020504
        ],
        [
          -0.03881,
          -0.006961,
          0.018772,
          0.007737,
          -0.003546,
          1.9e-05,
          1.0,
          0.006141,
          0.022949,
          0.013629,
          0.009386,
          -0.000618
        ],
        [
          0.011179,
          -0.000309,
          -0.002698,
          -0.016633,
          -0.000908,
          -0.002723,
          0.006141,
          1.0,
          -0.023552,
          -0.004563,
          0.017419,
          -0.002547
        ],
        [
          0.003356,
          0.013272,
          0.013987,
          -0.007038,
          0.003626,
          0.011835,
          0.022949,
          -0.023552,
          1.0,
          -0.006756,
          0.011003,
          0.00262
        ],
        [
          0.006632,
          0.037332,
          -0.0046,
          0.003958,
          -0.012322,
          0.062667,
          0.013629,
          -0.004563,
          -0.006756,
          1.0,
          -0.018638,
          0.006504
        ],
        [
          -0.000408,
          -0.003081,
          0.019972,
          0.00479,
          0.018852,
          -0.006258,
          0.009386,
          0.017419,
          0.011003,
          -0.018638,
          1.0,
          -0.02008
        ],
        [
          0.010652,
          -0.004325,
          -0.001501,
          0.026805,
          -0.023692,
          0.020504,
          -0.000618,
          -0.002547,
          0.00262,
          0.006504,
          -0.02008,
          1.0
        ]
      ],
      "significant": [
        [
          true,
          false,
          true,
          false,
          false,
          false,
          true,
          false,
          false,
          false,
          false,
          false
        ],
        [
          false,
          true,
          false,
          false,
          false,
          false,
          false,
          false,
          false,
          true,
          false,
          false
        ],
        [
          true,
          false,
          true,
          false,
          false,
          false,
          false,
          false,
          false,
          false,
          false,
          false
        ],
        [
          false,
          false,
          false,
          true,
          false,
          false,
          false,
          false,
          false,
          false,
          false,
          false
        ],
        [
          false,
          false,
          false,
          false,
          true,
          false,
          false,
          false,
          false,
          false,
          false,
          false
        ],
        [
          false,
          false,
          false,
          false,
          false,
          true,
          false,
          false,
          false,
          true,
          false,
          false
        ],
        [
          true,
          false,
          false,
          false,
          false,
          false,
          true,
          false,
          false,
          false,
          false,
          false
        ],
        [
          false,
          false,
          false,
          false,
          false,
          false,
          false,
          true,
          false,
          false,
          false,
          false
        ],
        [
          false,
          false,
          false,
          false,
          false,
          false,
          false,
          false,
          true,
          false,
          false,
          false
        ],
        [
          false,
          true,
          false,
          false,
          false,
          true,
          false,
          false,
          false,
          true,
          false,
          false
        ],
        [
          false,
          false,
          false,
          false,
          false,
          false,
          false,
          false,
          false,
          false,
          true,
          false
        ],
        [
          false,
          false,
          false,
          false,
          false,
          false,
          false,
          false,
          false,
          false,
          false,
          true
        ]
      ]
    },
    {
      "spread": "IC",
      "prob": 0.75,
      "n_rows": 60000,
      "avg": 0.08449,
      "std": 0.277591,
      "removed": 0,
      "labels": [
        "dir=IN;k=0",
        "dir=IN;k=1",
        "dir=IN;k=4",
        "dir=IN;k=6",
        "dir=OUT;k=0",
        "dir=OUT;k=1",
        "dir=OUT;k=4",
        "dir=OUT;k=6",
        "dir=ALL;k=0",
        "dir=ALL;k=1",
        "dir=ALL;k=4",
        "dir=ALL;k=6"
      ],
      "matrix": [
        [
          1.0,
          -0.008042,
          -0.000387,
          -0.010343,
          -0.017089,
          -0.005753,
          -0.005825,
          -0.010336,
          0.019897,
          -0.005666,
          -0.005233,
          -0.01826
        ],
        [
          -0.008042,
          1.0,
          0.013751,
          -0.006782,
          -0.008753,
          0.02303,
          0.016651,
          0.003684,
          0.000182,
          0.0859,
          -0.00405,
          -0.01217
        ],
        [
          -0.000387,
          0.013751,
          1.0,
          -0.02668,
          0.0046,
          -0.000409,
          -0.014184,
          -0.008513,
          -0.006072,
          -0.013443,
          -0.0176,
          0.013185
        ],
        [
          -0.010343,
          -0.006782,
          -0.02668,
          1.0,
          0.010251,
          -0.00888,
          -0.006736,
          -0.004956,
          -0.010751,
          0.018421,
          -0.018301,
          0.012553
        ],
        [
          -0.017089,
          -0.008753,
          0.0046,
          0.010251,
          1.0,
          0.016845,
          0.003342,
          0.006087,
          0.007894,
          0.013027,
          0.011893,
          0.006718
        ],
        [
          -0.005753,
          0.02303,
          -0.000409,
          -0.00888,
          0.016845,
          1.0,
          0.005897,
          0.006698,
          0.019794,
          0.08106,
          -0.019619,
          -0.011157
        ],
        [
          -0.005825,
          0.016651,
          -0.014184,
          -0.006736,
          0.003342,
          0.005897,
          1.0,
          -0.01198,
          -0.010346,
          -0.003984,
          -0.013602,
          -0.013939
        ],
        [
          -0.010336,
          0.003684,
          -0.008513,
          -0.004956,
          0.006087,
          0.006698,
          -0.01198,
          1.0,
          -0.015272,
          0.015987,
          -0.003908,
          0.028061
        ],
        [
          0.019897,
          0.000182,
          -0.006072,
          -0.010751,
          0.007894,
          0.019794,
          -0.010346,
          -0.015272,
          1.0,
          0.007979,
          -0.004568,
          -0.010884
        ],
        [
          -0.005666,
          0.0859,
          -0.013443,
          0.018421,
          0.013027,
          0.08106,
          -0.003984,
          0.015987,
          0.007979,
          1.0,
          0.006665,
          0.002277
        ],
        [
          -0.005233,
          -0.00405,
          -0.0176,
          -0.018301,
          0.011893,
          -0.019619,
          -0.013602,
          -0.003908,
          -0.004568,
          0.006665,
          1.0,
          -0.004613
        ],
        [
          -0.01826,
          -0.01217,
          0.013185,
          0.012553,
          0.006718,
          -0.011157,
          -0.013939,
          0.028061,
          -0.010884,
          0.002277,
          -0.004613,
          1.0
        ]
      ],
      "significant": [
        [
          true,
          false,
          false,
          false,
          false,
          false,
          false,
          false,
          false,
          false,
          false,
          false
        ],
        [
          false,
          true,
          false,
          false,
          false,
          false,
          false,
          false,
          false,
          true,
          false,
          false
        ],
        [
          false,
          false,
          true,
          false,
          false,
          false,
          false,
          false,
          false,
          false,
          false,
          false
        ],
        [
          false,
          false,
          false,
          true,
          false,
          false,
          false,
          false,
          false,
          false,
          false,
          false
        ],
        [
          false,
          false,
          false,
          false,
          true,
          false,
          false,
          false,
          false,
          false,
          false,
          false
        ],
        [
          false,
          false,
          false,
          false,
          false,
          true,
          false,
          false,
          false,
          true,
          false,
          false
        ],
        [
          false,
          false,
          false,
          false,
          false,
          false,
          true,
          false,
          false,
          false,
          false,
          false
        ],
        [
          false,
          false,
          false,
          false,
          false,
          false,
          false,
          true,
          false,
          false,
          false,
          true
        ],
        [
          false,
          false,
          false,
          false,
          false,
          false,
          false,
          false,
          true,
          false,
          false,
          false
        ],
        [
          false,
          true,
          false,
          false,
          false,
          true,
          false,
          false,
          false,
          true,
          false,
          false
        ],
        [
          false,
          false,
          false,
          false,
          false,
          false,
          false,
          false,
          false,
          false,
          true,
          false
        ],
        [
          false,
          false,
          false,
          false,
          false,
          false,
          false,
          true,
          false,
          false,
          false,
          true
        ]
      ]
    },
    {
      "spread": "IC",
      "prob": 1.0,
      "n_rows": 60000,
      "avg": 0.30378,
      "std": 0.447512,
      "removed": 102,
      "labels": [
        "dir=IN;k=0",
        "dir=IN;k=1",
        "dir=IN;k=4",
        "dir=IN;k=6",
        "dir=OUT;k=0",
        "dir=OUT;k=1",
        "dir=OUT;k=4",
        "dir=OUT;k=6",
        "dir=ALL;k=0",
        "dir=ALL;k=1",
        "dir=ALL;k=4",
        "dir=ALL;k=6"
      ],
      "matrix": [
        [
          1.0,
          -0.007344,
          null,
          null,
          -0.005658,
          0.007651,
          null,
          null,
          -0.006465,
          0.011806,
          null,
          null
        ],
        [
          -0.007344,
          1.0,
          null,
          null,
          0.015968,
          0.001321,
          null,
          null,
          -0.008193,
          0.150132,
          null,
          null
        ],
        [
          null,
          null,
          1.0,
          null,
          null,
          null,
          null,
          null,
          null,
          null,
          null,
          null
        ],
        [
          null,
          null,
          null,
          1.0,
          null,
          null,
          null,
          null,
          null,
          null,
          null,
          null
        ],
        [
          -0.005658,
          0.015968,
          null,
          null,
          1.0,
          0.006201,
          null,
          null,
          0.030324,
          0.015612,
          null,
          null
        ],
        [
          0.007651,
          0.001321,
          null,
          null,
          0.006201,
          1.0,
          null,
          null,
          0.013271,
          0.135929,
          null,
          null
        ],
        [
          null,
          null,
          null,
          null,
          null,
          null,
          1.0,
          null,
          null,
          null,
          null,
          null
        ],
        [
          null,
          null,
          null,
          null,
          null,
          null,
          null,
          1.0,
          null,
          null,
          null,
          null
        ],
        [
          -0.006465,
          -0.008193,
          null,
          null,
          0.030324,
          0.013271,
          null,
          null,
          1.0,
          0.018826,
          null,
          null
        ],
        [
          0.011806,
          0.150132,
          null,
          null,
          0.015612,
          0.135929,
          null,
          null,
          0.018826,
          1.0,
          null,
          null
        ],
        [
          null,
          null,
          null,
          null,
          null,
          null,
          null,
          null,
          null,
          null,
          1.0,
          null
        ],
        [
          null,
          null,
          null,
          null,
          null,
          null,
          null,
          null,
          null,
          null,
          null,
          1.0
        ]
      ],
      "significant": [
        [
          true,
          false,
          false,
          false,
          false,
          false,
          false,
          false,
          false,
          false,
          false,
          false
        ],
        [
          false,
          true,
          false,
          false,
          false,
          false,
          false,
          false,
          false,
          true,
          false,
          false
        ],
        [
          false,
          false,
          true,
          false,
          false,
          false,
          false,
          false,
          false,
          false,
          false,
          false
        ],
        [
          false,
          false,
          false,
          true,
          false,
          false,
          false,
          false,
          false,
          false,
          false,
          false
        ],
        [
          false,
          false,
          false,
          false,
          true,
          false,
          false,
          false,
          true,
          false,
          false,
          false
        ],
        [
          false,
          false,
          false,
          false,
          false,
          true,
          false,
          false,
          false,
          true,
          false,
          false
        ],
        [
          false,
          false,
          false,
          false,
          false,
          false,
          true,
          false,
          false,
          false,
          false,
          false
        ],
        [
          false,
          false,
          false,
          false,
          false,
          false,
          false,
          true,
          false,
          false,
          false,
          false
        ],
        [
          false,
          false,
          false,
          false,
          true,
          false,
          false,
          false,
          true,
          false,
          false,
          false
        ],
        [
          false,
          true,
          false,
          false,
          false,
          true,
          false,
          false,
          false,
          true,
          false,
          false
        ],
        [
          false,
          false,
          false,
          false,
          false,
          false,
          false,
          false,
          false,
          false,
          true,
          false
        ],
        [
          false,
          false,
          false,
          false,
          false,
          false,
          false,
          false,
          false,
          false,
          false,
          true
        ]
      ]
    }
  ]
}