{
  "network_id": 8,
  "spread_model": "IC",
  "correlations": [
    {
      "spread": "IC",
      "prob": 0.25,
      "n_rows": 60000,
      "avg": 0.085968,
      "std": 0.276906,
      "removed": 0,
      "labels": [
        "dir=IN;k=0",
        "dir=IN;k=1",
        "dir=IN;k=4",
        "dir=IN;k=6",
        "dir=OUT;k=0",
        "dir=OUT;k=1",
        "dir=OUT;k=4",
        "dir=OUT;k=6",
        "dir=ALL;k=0",
        "dir=ALL;k=1",
        "dir=ALL;k=4",
        "dir=ALL;k=6"
      ],
      "matrix": [
        [
          1.0,
          0.023116,
          0.013309,
          0.014568,
          -0.041135,
          -0.015057,
          0.013811,
          -0.003501,
          -0.00891,
          -0.013558,
          0.019505,
          -0.01006
        ],
        [
          0.023116,
          1.0,
          -0.020134,
          0.017581,
          -0.002482,
          -0.010719,
          0.030533,
          0.005175,
          0.023113,
          0.013883,
          0.014596,
          -0.014459
        ],
        [
          0.013309,
          -0.020134,
          1.0,
          0.0094,
          0.011939,
          0.008386,
          0.008663,
          -0.003328,
          0.007798,
          -0.008143,
          0.009329,
          -0.005097
        ],
        [
          0.014568,
          0.017581,
          0.0094,
          1.0,
          -0.000609,
          -0.013177,
          -0.018009,
          -0.011032,
          -0.014992,
          0.013043,
          -0.002681,
          -0.000761
        ],
        [
          -0.041135,
          -0.002482,
          0.011939,
          -0.000609,
          1.0,
          -0.001845,
          -0.012655,
          0.001153,
          0.037001,
          -0.005546,
          0.004882,
          0.001135
        ],
        [
          -0.015057,
          -0.010719,
          0.008386,
          -0.013177,
          -0.001845,
          1.0,
          0.016804,
          0.000572,
          0.03232,
          0.032723,
          0.008167,
          0.00779
        ],
        [
          0.013811,
          0.030533,
          0.008663,
          -0.018009,
          -0.012655,
          0.016804,
          1.0,
          0.008121,
          0.012145,
          -0.019084,
          -0.016735,
          -0.012297
        ],
        [
          -0.003501,
          0.005175,
          -0.003328,
          -0.011032,
          0.001153,
          0.000572,
          0.008121,
          1.0,
          0.014297,
          0.019401,
          0.005649,
          0.006181
        ],
        [
          -0.00891,
          0.023113,
          0.007798,
          -0.014992,
          0.037001,
          0.03232,
          0.012145,
          0.014297,
          1.0,
          -0.005163,
          0.004653,
          0.003582
        ],
        [
          -0.013558,
          0.013883,
          -0.008143,
          0.013043,
          -0.005546,
          0.032723,
          -0.019084,
          0.019401,
          -0.005163,
          1.0,
          0.012538,
          -0.011283
        ],
        [
          0.019505,
          0.014596,
          0.009329,
          -0.002681,
          0.004882,
          0.008167,
          -0.016735,
          0.005649,
          0.004653,
          0.012538,
          1.0,
          0.005307
        ],
        [
          -0.01006,
          -0.014459,
          -0.005097,
          -0.000761,
          0.001135,
          0.00779,
          -0.012297,
          0.006181,
          0.003582,
          -0.011283,
          0.005307,
          1.0
        ]
      ],
      "significant": [
        [
          true,
          false,
          false,
          false,
          true,
          false,
          false,
          false,
          false,
          false,
          false,
          false
        ],
        [
          false,
          true,
          false,
          false,
          false,
          false,
          true,
          false,
          false,
          false,
          false,
          false
        ],
        [
          false,
          false,
          true,
          false,
          false,
          false,
          false,
          false,
          false,
          false,
          false,
          false
        ],
        [
          false,
          false,
          false,
          true,
          false,
          false,
          false,
          false,
          false,
          false,
          false,
          false
        ],
        [
          true,
          false,
          false,
          false,
          true,
          false,
          false,
          false,
          true,
          false,
          false,
          false
        ],
        [
          false,
          false,
          false,
          false,
          false,
          true,
          false,
          false,
          true,
          true,
          false,
          false
        ],
        [
          false,
          true,
          false,
          false,
          false,
          false,
          true,
          false,
          false,
          false,
          false,
          false
        ],
        [
          false,
          false,
          false,
          false,
          false,
          false,
          false,
          true,
          false,
          false,
          false,
          false
        ],
        [
          false,
          false,
          false,
          false,
          true,
          true,
          false,
          false,
          true,
          false,
          false,
          false
        ],
        [
          false,
          false,
          false,
          false,
          false,
          true,
          false,
          false,
          false,
          true,
          false,
          false
        ],
        [
          false,
          false,
          false,
          false,
          false,
          false,
          false,
          false,
          false,
          false,
          true,
          false
        ],
        [
          false,
          false,
          false,
          false,
          false,
          false,
          false,
          false,
          false,
          false,
          false,
          true
        ]
      ]
    },
    {
      "spread": "IC",
      "prob": 0.5,
      "n_rows": 60000,
      "avg": 0.088971,
      "std": 0.27606,
      "removed": 0,
      "labels": [
        "dir=IN;k=0",
        "dir=IN;k=1",
        "dir=IN;k=4",
        "dir=IN;k=6",
        "dir=OUT;k=0",
        "dir=OUT;k=1",
        "dir=OUT;k=4",
        "dir=OUT;k=6",
        "dir=ALL;k=0",
        "dir=ALL;k=1",
        "dir=ALL;k=4",
        "dir=ALL;k=6"
      ],
      "matrix": [
        [
          1.0,
          0.020098,
          0.01157,
          0.009354,
          0.002447,
          0.00708,
          0.00158,
          -0.025694,
          0.033927,
          0.008842,
          -0.010871,
          0.004394
        ],
        [
          0.020098,
          1.0,
          0.029441,
          0.014831,
          0.000592,
          -0.020292,
          0.01054,
          0.009949,
          0.02528,
          0.064436,
          0.014114,
          0.008047
        ],
        [
          0.01157,
          0.029441,
          1.0,
          -0.008533,
          0.027485,
          -0.000972,
          0.005635,
          0.014898,
          0.001385,
          0.005441,
          0.008213,
          -0.022179
        ],
        [
          0.009354,
          0.014831,
          -0.008533,
          1.0,
          0.010971,
          0.01005,
          -0.024265,
          -0.003917,
          0.008066,
          -0.006694,
          0.011379,
          0.014549
        ],
        [
          0.002447,
          0.000592,
          0.027485,
          0.010971,
          1.0,
          0.012751,
          0.002829,
          -0.004778,
          0.018867,
          -0.01446,
          -0.011578,
          -0.010446
        ],
        [
          0.00708,
          -0.020292,
          -0.000972,
          0.01005,
          0.012751,
          1.0,
          0.008212,
          -0.009949,
          0.013065,
          0.043638,
          0.017616,
          -0.009266
        ],
        [
          0.00158,
          0.01054,
          0.005635,
          -0.024265,
          0.002829,
          0.008212,
          1.0,
          0.021374,
          -0.001104,
          0.015809,
          -0.006737,
          -0.007065
        ],
        [
          -0.025694,
          0.009949,
          0.014898,
          -0.003917,
          -0.004778,
          -0.009949,
          0.021374,
          1.0,
          -0.002147,
          -0.014416,
          -0.017446,
          0.013982
        ],
        [
          0.033927,
          0.02528,
          0.001385,
          0.008066,
          0.018867,
          0.013065,
          -0.001104,
          -0.002147,
          1.0,
          0.012762,
          0.025319,
          0.000815
        ],
        [
          0.008842,
          0.064436,
          0.005441,
          -0.006694,
          -0.01446,
          0.043638,
          0.015809,
          -0.014416,
          0.012762,
          1.0,
          0.017424,
          0.012142
        ],
        [
          -0.010871,
          0.014114,
          0.008213,
          0.011379,
          -0.011578,
          0.017616,
          -0.006737,
          -0.017446,
          0.025319,
          0.017424,
          1.0,
          0.007528
        ],
        [
          0.004394,
          0.008047,
          -0.022179,
          0.014549,
          -0.010446,
          -0.009266,
          -0.007065,
          0.013982,
          0.000815,
          0.012142,
          0.007528,
          1.0
        ]
      ],
      "significant": [
        [
          true,
          false,
          false,
          false,
          false,
          false,
          false,
          false,
          true,
          false,
          false,
          false
        ],
        [
          false,
          true,
          true,
          false,
          false,
          false,
          false,
          false,
          false,
          true,
          false,
          false
        ],
        [
          false,
          true,
          true,
          false,
          false,
          false,
          false,
          false,
          false,
          false,
          false,
          false
        ],
        [
          false,
          false,
          false,
          true,
          false,
          false,
          false,
          false,
          false,
          false,
          false,
          false
        ],
        [
          false,
          false,
          false,
          false,
          true,
          false,
          false,
          false,
          false,
          false,
          false,
          false
        ],
        [
          false,
          false,
          false,
          false,
          false,
          true,
          false,
          false,
          false,
          true,
          false,
          false
        ],
        [
          false,
          false,
          false,
          false,
          false,
          false,
          true,
          false,
          false,
          false,
          false,
          false
        ],
        [
          false,
          false,
          false,
          false,
          false,
          false,
          false,
          true,
          false,
          false,
          false,
          false
        ],
        [
          true,
          false,
          false,
          false,
          false,
          false,
          false,
          false,
          true,
          false,
          false,
          false
        ],
        [
          false,
          true,
          false,
          false,
          false,
          true,
          false,
          false,
          false,
          true,
          false,
          false
        ],
        [
          false,
          false,
          false,
          false,
          false,
          false,
          false,
          false,
          false,
          false,
          true,
          false
        ],
        [
          false,
          false,
          false,
          false,
          false,
          false,
          false,
          false,
          false,
          false,
          false,
          true
        ]
      ]
    },
    {
      "spread": "IC",
      "prob": 0.75,
      "n_rows": 60000,
      "avg": 0.085219,
      "std": 0.277691,
      "removed": 0,
      "labels": [
        "dir=IN;k=0",
        "dir=IN;k=1",
        "dir=IN;k=4",
        "dir=IN;k=6",
        "dir=OUT;k=0",
        "dir=OUT;k=1",
        "dir=OUT;k=4",
        "dir=OUT;k=6",
        "dir=ALL;k=0",
        "dir=ALL;k=1",
        "dir=ALL;k=4",
        "dir=ALL;k=6"
      ],
      "matrix": [
        [
          1.0,
          0.019501,
          -0.019172,
          0.013499,
          0.014317,
          -0.000472,
          0.000366,
          -0.002164,
          -0.004051,
          0.005265,
          -0.024676,
          0.007786
        ],
        [
          0.019501,
          1.0,
          -0.023315,
          -0.016105,
          0.036107,
          -0.018782,
          0.021083,
          -0.000332,
          0.013691,
          0.100645,
          -0.005105,
          -0.007225
        ],
        [
          -0.019172,
          -0.023315,
          1.0,
          0.020075,
          0.000255,
          0.025458,
          0.001386,
          0.000236,
          0.004487,
          -0.009527,
          0.026565,
          0.009075
        ],
        [
          0.013499,
          -0.016105,
          0.020075,
          1.0,
          -0.002493,
          0.013015,
          -0.015675,
          -0.039089,
          0.003522,
          -0.007094,
          -0.020473,
          -0.003291
        ],
        [
          0.014317,
          0.036107,
          0.000255,
          -0.002493,
          1.0,
          0.011026,
          -0.009575,
          -0.007428,
          0.016418,
          0.021794,
          0.003727,
          -0.034746
        ],
        [
          -0.000472,
          -0.018782,
          0.025458,
          0.013015,
          0.011026,
          1.0,
          0.01023,
          -0.020665,
          0.016687,
          0.096804,
          -0.005818,
          -0.013217
        ],
        [
          0.000366,
          0.021083,
          0.001386,
          -0.015675,
          -0.009575,
          0.01023,
          1.0,
          0.018796,
          -0.02716,
          -0.023725,
          -0.007079,
          0.026165
        ],
        [
          -0.002164,
          -0.000332,
          0.000236,
          -0.039089,
          -0.007428,
          -0.020665,
          0.018796,
          1.0,
          -0.010263,
          -0.013672,
          0.001927,
          0.014151
        ],
        [
          -0.004051,
          0.013691,
          0.004487,
          0.003522,
          0.016418,
          0.016687,
          -0.02716,
          -0.010263,
          1.0,
          -0.006318,
          -0.021827,
          -0.008307
        ],
        [
          0.005265,
          0.100645,
          -0.009527,
          -0.007094,
          0.021794,
          0.096804,
          -0.023725,
          -0.013672,
          -0.006318,
          1.0,
          0.007852,
          -0.025558
        ],
        [
          -0.024676,
          -0.005105,
          0.026565,
          -0.020473,
          0.003727,
          -0.005818,
          -0.007079,
          0.001927,
          -0.021827,
          0.007852,
          1.0,
          0.008274
        ],
        [
          0.007786,
          -0.007225,
          0.009075,
          -0.003291,
          -0.034746,
          -0.013217,
          0.026165,
          0.014151,
          -0.008307,
          -0.025558,
          0.008274,
          1.0
        ]
      ],
      "significant": [
        [
          true,
          false,
          false,
          false,
          false,
          false,
          false,
          false,
          false,
          false,
          false,
          false
        ],
        [
          false,
          true,
          false,
          false,
          true,
          false,
          false,
          false,
          false,
          true,
          false,
          false
        ],
        [
          false,
          false,
          true,
          false,
          false,
          false,
          false,
          false,
          false,
          false,
          false,
          false
        ],
        [
          false,
          false,
          false,
          true,
          false,
          false,
          false,
          true,
          false,
          false,
          false,
          false
        ],
        [
          false,
          true,
          false,
          false,
          true,
          false,
          false,
          false,
          false,
          false,
          false,
          true
        ],
        [
          false,
          false,
          false,
          false,
          false,
          true,
          false,
          false,
          false,
          true,
          false,
          false
        ],
        [
          false,
          false,
          false,
          false,
          false,
          false,
          true,
          false,
          false,
          false,
          false,
          false
        ],
        [
          false,
          false,
          false,
          true,
          false,
          false,
          false,
          true,
          false,
          false,
          false,
          false
        ],
        [
          false,
          false,
          false,
          false,
          false,
          false,
          false,
          false,
          true,
          false,
          false,
          false
        ],
        [
          false,
          true,
          false,
          false,
          false,
          true,
          false,
          false,
          false,
          true,
          false,
          false
        ],
        [
          false,
          false,
          false,
          false,
          false,
          false,
          false,
          false,
          false,
          false,
          true,
          false
        ],
        [
          false,
          false,
          false,
          false,
          true,
          false,
          false,
          false,
          false,
          false,
          false,
          true
        ]
      ]
    },
    {
      "spread": "IC",
      "prob": 1.0,
      "n_rows": 60000,
      "avg": 0.18725,
      "std": 0.38041,
      "removed": 76,
      "labels": [
        "dir=IN;k=0",
        "dir=IN;k=1",
        "dir=IN;k=4",
        "dir=IN;k=6",
        "dir=OUT;k=0",
        "dir=OUT;k=1",
        "dir=OUT;k=4",
        "dir=OUT;k=6",
        "dir=ALL;k=0",
        "dir=ALL;k=1",
        "dir=ALL;k=4",
        "dir=ALL;k=6"
      ],
      "matrix": [
        [
          1.0,
          -0.015215,
          0.016157,
          null,
          -0.023056,
          -0.015139,
          -0.001879,
          null,
          -0.016027,
          0.003205,
          null,
          null
        ],
        [
          -0.015215,
          1.0,
          0.024493,
          null,
          -0.025584,
          -0.028569,
          0.024473,
          null,
          0.002549,
          0.14751,
          null,
          null
        ],
        [
          0.016157,
          0.024493,
          1.0,
          null,
          0.015906,
          0.024488,
          -0.0002,
          null,
          0.015942,
          0.024473,
          null,
          null
        ],
        [
          null,
          null,
          null,
          1.0,
          null,
          null,
          null,
          null,
          null,
          null,
          null,
          null
        ],
        [
          -0.023056,
          -0.025584,
          0.015906,
          null,
          1.0,
          0.024302,
          -0.00218,
          null,
          -0.008319,
          0.009578,
          null,
          null
        ],
        [
          -0.015139,
          -0.028569,
          0.024488,
          null,
          0.024302,
          1.0,
          0.024473,
          null,
          0.004639,
          0.099996,
          null,
          null
        ],
        [
          -0.001879,
          0.024473,
          -0.0002,
          null,
          -0.00218,
          0.024473,
          1.0,
          null,
          -0.002245,
          0.024483,
          null,
          null
        ],
        [
          null,
          null,
          null,
          null,
          null,
          null,
          null,
          1.0,
          null,
          null,
          null,
          null
        ],
        [
          -0.016027,
          0.002549,
          0.015942,
          null,
          -0.008319,
          0.004639,
          -0.002245,
          null,
          1.0,
          0.018244,
          null,
          null
        ],
        [
          0.003205,
          0.14751,
          0.024473,
          null,
          0.009578,
          0.099996,
          0.024483,
          null,
          0.018244,
          1.0,
          null,
          null
        ],
        [
          null,
          null,
          null,
          null,
          null,
          null,
          null,
          null,
          null,
          null,
          1.0,
          null
        ],
        [
          null,
          null,
          null,
          null,
          null,
          null,
          null,
          null,
          null,
          null,
          null,
          1.0
        ]
      ],
      "significant": [
        [
          true,
          false,
          false,
          false,
          false,
          false,
          false,
          false,
          false,
          false,
          false,
          false
        ],
        [
          false,
          true,
          false,
          false,
          false,
          true,
          false,
          false,
          false,
          true,
          false,
          false
        ],
        [
          false,
          false,
          true,
          false,
          false,
          false,
          false,
          false,
          false,
          false,
          false,
          false
        ],
        [
          false,
          false,
          false,
          true,
          false,
          false,
          false,
          false,
          false,
          false,
          false,
          false
        ],
        [
          false,
          false,
          false,
          false,
          true,
          false,
          false,
          false,
          false,
          false,
          false,
          false
        ],
        [
          false,
          true,
          false,
          false,
          false,
          true,
          false,
          false,
          false,
          true,
          false,
          false
        ],
        [
          false,
          false,
          false,
          false,
          false,
          false,
          true,
          false,
          false,
          false,
          false,
          false
        ],
        [
          false,
          false,
          false,
          false,
          false,
          false,
          false,
          true,
          false,
          false,
          false,
          false
        ],
        [
          false,
          false,
          false,
          false,
          false,
          false,
          false,
          false,
          true,
          false,
          false,
          false
        ],
        [
          false,
          true,
          false,
          false,
          false,
          true,
          false,
          false,
          false,
          true,
          false,
          false
        ],
        [
          false,
          false,
          false,
          false,
          false,
          false,
          false,
          false,
          false,
          false,
          true,
          false
        ],
        [
          false,
          false,
          false,
          false,
          false,
          false,
          false,
          false,
          false,
          false,
          false,
          true
        ]
      ]
    }
  ]
}