{
  "network_id": 9,
  "spread_model": "IC",
  "correlations": [
    {
      "spread": "IC",
      "prob": 0.25,
      "n_rows": 60000,
      "avg": 0.084994,
      "std": 0.277105,
      "removed": 0,
      "labels": [
        "dir=IN;k=0",
        "dir=IN;k=1",
        "dir=IN;k=4",
        "dir=IN;k=6",
        "dir=OUT;k=0",
        "dir=OUT;k=1",
        "dir=OUT;k=4",
        "dir=OUT;k=6",
        "dir=ALL;k=0",
        "dir=ALL;k=1",
        "dir=ALL;k=4",
        "dir=ALL;k=6"
      ],
      "matrix": [
        [
          1.0,
          0.009875,
          -0.017641,
          0.020451,
          -0.008862,
          -0.005755,
          -0.014775,
          -0.008625,
          0.036503,
          0.004897,
          -0.004862,
          0.006206
        ],
        [
          0.009875,
          1.0,
          0.031819,
          0.006278,
          0.00271,
          0.012396,
          0.01075,
          0.012844,
          -0.006869,
          0.022583,
          -0.007325,
          0.005789
        ],
        [
          -0.017641,
          0.031819,
          1.0,
          0.013074,
          -0.008855,
          0.0062,
          0.004488,
          0.018006,
          -0.005398,
          -0.003957,
          0.004903,
          -0.004131
        ],
        [
          0.020451,
          0.006278,
          0.013074,
          1.0,
          -0.002772,
          0.001528,
          -0.011293,
          -0.004165,
          0.022585,
          -0.000623,
          -0.007768,
          -0.009601
        ],
        [
          -0.008862,
          0.00271,
          -0.008855,
          -0.002772,
          1.0,
          -0.011613,
          -0.005571,
          -0.008399,
          0.014213,
          0.000739,
          -0.004516,
          -0.011754
        ],
        [
          -0.005755,
          0.012396,
          0.0062,
          0.001528,
          -0.011613,
          1.0,
          0.000799,
          0.001589,
          0.005996,
          0.032188,
          -0.017821,
          0.013042
        ],
        [
          -0.014775,
          0.01075,
          0.004488,
          -0.011293,
          -0.005571,
          0.000799,
          1.0,
          0.016566,
          0.001284,
          -0.018975,
          0.004379,
          0.004614
        ],
        [
          -0.008625,
          0.012844,
          0.018006,
          -0.004165,
          -0.008399,
          0.001589,
          0.016566,
          1.0,
          -0.020421,
          0.005663,
          -0.000428,
          0.005379
        ],
        [
          0.036503,
          -0.006869,
          -0.005398,
          0.022585,
          0.014213,
          0.005996,
          0.001284,
          -0.020421,
          1.0,
          0.004373,
          0.008327,
          -0.02224
        ],
        [
          0.004897,
          0.022583,
          -0.003957,
          -0.000623,
          0.000739,
          0.032188,
          -0.018975,
          0.005663,
          0.004373,
          1.0,
          0.003573,
          -0.010288
        ],
        [
          -0.004862,
          -0.007325,
          0.004903,
          -0.007768,
          -0.004516,
          -0.017821,
          0.004379,
          -0.000428,
          0.008327,
          0.003573,
          1.0,
          0.008247
        ],
        [
          0.006206,
          0.005789,
          -0.004131,
          -0.009601,
          -0.011754,
          0.013042,
          0.004614,
          0.005379,
          -0.02224,
          -0.010288,
          0.008247,
          1.0
        ]
      ],
      "significant": [
        [
          true,
          false,
          false,
          false,
          false,
          false,
          false,
          false,
          true,
          false,
          false,
          false
        ],
        [
          false,
          true,
          true,
          false,
          false,
          false,
          false,
          false,
          false,
          false,
          false,
          false
        ],
        [
          false,
          true,
          true,
          false,
          false,
          false,
          false,
          false,
          false,
          false,
          false,
          false
        ],
        [
          false,
          false,
          false,
          true,
          false,
          false,
          false,
          false,
          false,
          false,
          false,
          false
        ],
        [
          false,
          false,
          false,
          false,
          true,
          false,
          false,
          false,
          false,
          false,
          false,
          false
        ],
        [
          false,
          false,
          false,
          false,
          false,
          true,
          false,
          false,
          false,
          true,
          false,
          false
        ],
        [
          false,
          false,
          false,
          false,
          false,
          false,
          true,
          false,
          false,
          false,
          false,
          false
        ],
        [
          false,
          false,
          false,
          false,
          false,
          false,
          false,
          true,
          false,
          false,
          false,
          false
        ],
        [
          true,
          false,
          false,
          false,
          false,
          false,
          false,
          false,
          true,
          false,
          false,
          false
        ],
        [
          false,
          false,
          false,
          false,
          false,
          true,
          false,
          false,
          false,
          true,
          false,
          false
        ],
        [
          false,
          false,
          false,
          false,
          false,
          false,
          false,
          false,
          false,
          false,
          true,
          false
        ],
        [
          false,
          false,
          false,
          false,
          false,
          false,
          false,
          false,
          false,
          false,
          false,
          true
        ]
      ]
    },
    {
      "spread": "IC",
      "prob": 0.5,
      "n_rows": 60000,
      "avg": 0.08603,
      "std": 0.276999,
      "removed": 0,
      "labels": [
        "dir=IN;k=0",
        "dir=IN;k=1",
        "dir=IN;k=4",
        "dir=IN;k=6",
        "dir=OUT;k=0",
        "dir=OUT;k=1",
        "dir=OUT;k=4",
        "dir=OUT;k=6",
        "dir=ALL;k=0",
        "dir=ALL;k=1",
        "dir=ALL;k=4",
        "dir=ALL;k=6"
      ],
      "matrix": [
        [
          1.0,
          -0.007643,
          -0.011455,
          -0.000279,
          0.01894,
          0.012909,
          0.005952,
          -0.009603,
          0.010604,
          0.006348,
          -0.037727,
          0.016444
        ],
        [
          -0.007643,
          1.0,
          0.024991,
          -0.003951,
          0.005916,
          -0.009107,
          0.006131,
          -0.025101,
          -0.001622,
          0.01778,
          -0.011481,
          -0.022445
        ],
        [
          -0.011455,
          0.024991,
          1.0,
          0.016193,
          0.004005,
          0.0073,
          0.00998,
          0.009305,
          0.026705,
          -0.007242,
          -0.014823,
          0.025368
        ],
        [
          -0.000279,
          -0.003951,
          0.016193,
          1.0,
          0.008917,
          0.009458,
          0.021216,
          0.004303,
          0.008142,
          -0.007133,
          0.006003,
          0.01974
        ],
        [
          0.01894,
          0.005916,
          0.004005,
          0.008917,
          1.0,
          -0.011474,
          -0.000345,
          -0.006962,
          0.006208,
          9.8e-05,
          -0.005822,
          -0.006177
        ],
        [
          0.012909,
          -0.009107,
          0.0073,
          0.009458,
          -0.011474,
          1.0,
          0.027816,
          -0.002944,
          0.036074,
          0.049167,
          -0.024867,
          0.005245
        ],
        [
          0.005952,
          0.006131,
          0.00998,
          0.021216,
          -0.000345,
          0.027816,
          1.0,
          -0.015436,
          0.009495,
          -0.021412,
          -0.010503,
          0.024783
        ],
        [
          -0.009603,
          -0.025101,
          0.009305,
          0.004303,
          -0.006962,
          -0.002944,
          -0.015436,
          1.0,
          -0.007466,
          0.006141,
          -0.010643,
          -0.015064
        ],
        [
          0.010604,
          -0.001622,
          0.026705,
          0.008142,
          0.006208,
          0.036074,
          0.009495,
          -0.007466,
          1.0,
          0.03307,
          -0.029767,
          0.034473
        ],
        [
          0.006348,
          0.01778,
          -0.007242,
          -0.007133,
          9.8e-05,
          0.049167,
          -0.021412,
          0.006141,
          0.03307,
          1.0,
          0.003625,
          -0.00496
        ],
        [
          -0.037727,
          -0.011481,
          -0.014823,
          0.006003,
          -0.005822,
          -0.024867,
          -0.010503,
          -0.010643,
          -0.029767,
          0.003625,
          1.0,
          -0.001224
        ],
        [
          0.016444,
          -0.022445,
          0.025368,
          0.01974,
          -0.006177,
          0.005245,
          0.024783,
          -0.015064,
          0.034473,
          -0.00496,
          -0.001224,
          1.0
        ]
      ],
      "significant": [
        [
          true,
          false,
          false,
          false,
          false,
          false,
          false,
          false,
          false,
          false,
          true,
          false
        ],
        [
          false,
          true,
          false,
          false,
          false,
          false,
          false,
          false,
          false,
          false,
          false,
          false
        ],
        [
          false,
          false,
          true,
          false,
          false,
          false,
          false,
          false,
          false,
          false,
          false,
          false
        ],
        [
          false,
          false,
          false,
          true,
          false,
          false,
          false,
          false,
          false,
          false,
          false,
          false
        ],
        [
          false,
          false,
          false,
          false,
          true,
          false,
          false,
          false,
          false,
          false,
          false,
          false
        ],
        [
          false,
          false,
          false,
          false,
          false,
          true,
          true,
          false,
          true,
          true,
          false,
          false
        ],
        [
          false,
          false,
          false,
          false,
          false,
          true,
          true,
          false,
          false,
          false,
          false,
          false
        ],
        [
          false,
          false,
          false,
          false,
          false,
          false,
          false,
          true,
          false,
          false,
          false,
          false
        ],
        [
          false,
          false,
          false,
          false,
          false,
          true,
          false,
          false,
          true,
          true,
          true,
          true
        ],
        [
          false,
          false,
          false,
          false,
          false,
          true,
          false,
          false,
          true,
          true,
          false,
          false
        ],
        [
          true,
          false,
          false,
          false,
          false,
          false,
          false,
          false,
          true,
          false,
          true,
          false
        ],
        [
          false,
          false,
          false,
          false,
          false,
          false,
          false,
          false,
          true,
          false,
          false,
          true
        ]
      ]
    },
    {
      "spread": "IC",
      "prob": 0.75,
      "n_rows": 60000,
      "avg": 0.086702,
      "std": 0.277111,
      "removed": 0,
      "labels": [
        "dir=IN;k=0",
        "dir=IN;k=1",
        "dir=IN;k=4",
        "dir=IN;k=6",
        "dir=OUT;k=0",
        "dir=OUT;k=1",
        "dir=OUT;k=4",
        "dir=OUT;k=6",
        "dir=ALL;k=0",
        "dir=ALL;k=1",
        "dir=ALL;k=4",
        "dir=ALL;k=6"
      ],
      "matrix": [
        [
          1.0,
          0.022946,
          0.013093,
          -0.015213,
          -0.017001,
          -0.012317,
          -0.009626,
          -0.014603,
          0.021568,
          0.040096,
          -0.004375,
          -0.009888
        ],
        [
          0.022946,
          1.0,
          -0.013397,
          0.020731,
          0.018474,
          -0.004518,
          -0.005747,
          -0.013222,
          -0.008029,
          0.089252,
          0.0099,
          -0.025098
        ],
        [
          0.013093,
          -0.013397,
          1.0,
          0.016182,
          0.013696,
          0.005203,
          -0.018317,
          -0.029161,
          0.003712,
          -0.015178,
          -0.006077,
          -0.005493
        ],
        [
          -0.015213,
          0.020731,
          0.016182,
          1.0,
          -0.008408,
          0.019032,
          -0.013344,
          0.000717,
          -0.016708,
          -0.006769,
          0.009169,
          -0.008475
        ],
        [
          -0.017001,
          0.018474,
          0.013696,
          -0.008408,
          1.0,
          0.004058,
          -0.012376,
          0.012551,
          0.008178,
          0.020335,
          0.000305,
          -0.002021
        ],
        [
          -0.012317,
          -0.004518,
          0.005203,
          0.019032,
          0.004058,
          1.0,
          0.014926,
          -0.006455,
          0.013109,
          0.090091,
          0.017402,
          0.042451
        ],
        [
          -0.009626,
          -0.005747,
          -0.018317,
          -0.013344,
          -0.012376,
          0.014926,
          1.0,
          -0.017234,
          -0.008814,
          0.019133,
          0.001839,
          0.015302
        ],
        [
          -0.014603,
          -0.013222,
          -0.029161,
          0.000717,
          0.012551,
          -0.006455,
          -0.017234,
          1.0,
          0.021277,
          -0.011953,
          0.011293,
          -0.01195
        ],
        [
          0.021568,
          -0.008029,
          0.003712,
          -0.016708,
          0.008178,
          0.013109,
          -0.008814,
          0.021277,
          1.0,
          -0.02704,
          -0.009658,
          0.022375
        ],
        [
          0.040096,
          0.089252,
          -0.015178,
          -0.006769,
          0.020335,
          0.090091,
          0.019133,
          -0.011953,
          -0.02704,
          1.0,
          -0.007624,
          0.011863
        ],
        [
          -0.004375,
          0.0099,
          -0.006077,
          0.009169,
          0.000305,
          0.017402,
          0.001839,
          0.011293,
          -0.009658,
          -0.007624,
          1.0,
          0.008361
        ],
        [
          -0.009888,
          -0.025098,
          -0.005493,
          -0.008475,
          -0.002021,
          0.042451,
          0.015302,
          -0.01195,
          0.022375,
          0.011863,
          0.008361,
          1.0
        ]
      ],
      "significant": [
        [
          true,
          false,
          false,
          false,
          false,
          false,
          false,
          false,
          false,
          true,
          false,
          false
        ],
        [
          false,
          true,
          false,
          false,
          false,
          false,
          false,
          false,
          false,
          true,
          false,
          false
        ],
        [
          false,
          false,
          true,
          false,
          false,
          false,
          false,
          true,
          false,
          false,
          false,
          false
        ],
        [
          false,
          false,
          false,
          true,
          false,
          false,
          false,
          false,
          false,
          false,
          false,
          false
        ],
        [
          false,
          false,
          false,
          false,
          true,
          false,
          false,
          false,
          false,
          false,
          false,
          false
        ],
        [
          false,
          false,
          false,
          false,
          false,
          true,
          false,
          false,
          false,
          true,
          false,
          true
        ],
        [
          false,
          false,
          false,
          false,
          false,
          false,
          true,
          false,
          false,
          false,
          false,
          false
        ],
        [
          false,
          false,
          true,
          false,
          false,
          false,
          false,
          true,
          false,
          false,
          false,
          false
        ],
        [
          false,
          false,
          false,
          false,
          false,
          false,
          false,
          false,
          true,
          false,
          false,
          false
        ],
        [
          true,
          true,
          false,
          false,
          false,
          true,
          false,
          false,
          false,
          true,
          false,
          false
        ],
        [
          false,
          false,
          false,
          false,
          false,
          false,
          false,
          false,
          false,
          false,
          true,
          false
        ],
        [
          false,
          false,
          false,
          false,
          false,
          true,
          false,
          false,
          false,
          false,
          false,
          true
        ]
      ]
    },
    {
      "spread": "IC",
      "prob": 1.0,
      "n_rows": 60000,
      "avg": 0.167298,
      "std": 0.330268,
      "removed": 22,
      "labels": [
        "dir=IN;k=0",
        "dir=IN;k=1",
        "dir=IN;k=4",
        "dir=IN;k=6",
        "dir=OUT;k=0",
        "dir=OUT;k=1",
        "dir=OUT;k=4",
        "dir=OUT;k=6",
        "dir=ALL;k=0",
        "dir=ALL;k=1",
        "dir=ALL;k=4",
        "dir=ALL;k=6"
      ],
      "matrix": [
        [
          1.0,
          0.023727,
          0.005971,
          0.013579,
          0.002944,
          -0.005486,
          -0.01175,
          -0.011467,
          -0.003595,
          -0.005489,
          -0.005144,
          null
        ],
        [
          0.023727,
          1.0,
          0.048971,
          0.034634,
          0.00164,
          0.019461,
          0.048931,
          0.034579,
          -0.00095,
          0.10797,
          0.034607,
          null
        ],
        [
          0.005971,
          0.048971,
          1.0,
          0.707248,
          -0.006447,
          0.048961,
          0.499199,
          -0.000566,
          0.006544,
          0.048971,
          0.706682,
          null
        ],
        [
          0.013579,
          0.034634,
          0.707248,
          1.0,
          -0.005003,
          0.034607,
          -0.000566,
          -0.0004,
          0.01365,
          0.034631,
          -0.0004,
          null
        ],
        [
          0.002944,
          0.00164,
          -0.006447,
          -0.005003,
          1.0,
          0.005165,
          -0.01048,
          -0.010703,
          0.003315,
          -0.000499,
          -0.004113,
          null
        ],
        [
          -0.005486,
          0.019461,
          0.048961,
          0.034607,
          0.005165,
          1.0,
          0.048951,
          0.034593,
          0.024985,
          0.133802,
          0.03462,
          null
        ],
        [
          -0.01175,
          0.048931,
          0.499199,
          -0.000566,
          -0.01048,
          0.048951,
          1.0,
          0.707248,
          -0.010594,
          0.048934,
          0.706682,
          null
        ],
        [
          -0.011467,
          0.034579,
          -0.000566,
          -0.0004,
          -0.010703,
          0.034593,
          0.707248,
          1.0,
          -0.010572,
          0.034579,
          -0.0004,
          null
        ],
        [
          -0.003595,
          -0.00095,
          0.006544,
          0.01365,
          0.003315,
          0.024985,
          -0.010594,
          -0.010572,
          1.0,
          0.019209,
          -0.004405,
          null
        ],
        [
          -0.005489,
          0.10797,
          0.048971,
          0.034631,
          -0.000499,
          0.133802,
          0.048934,
          0.034579,
          0.019209,
          1.0,
          0.03461,
          null
        ],
        [
          -0.005144,
          0.034607,
          0.706682,
          -0.0004,
          -0.004113,
          0.03462,
          0.706682,
          -0.0004,
          -0.004405,
          0.03461,
          1.0,
          null
        ],
        [
          null,
          null,
          null,
          null,
          null,
          null,
          null,
          null,
          null,
          null,
          null,
          1.0
        ]
      ],
      "significant": [
        [
          true,
          false,
          false,
          false,
          false,
          false,
          false,
          false,
          false,
          false,
          false,
          false
        ],
        [
          false,
          true,
          true,
          true,
          false,
          false,
          true,
          true,
          false,
          true,
          true,
          false
        ],
        [
          false,
          true,
          true,
          true,
          false,
          true,
          true,
          false,
          false,
          true,
          true,
          false
        ],
        [
          false,
          true,
          true,
          true,
          false,
          true,
          false,
          false,
          false,
          true,
          false,
          false
        ],
        [
          false,
          false,
          false,
          false,
          true,
          false,
          false,
          false,
          false,
          false,
          false,
          false
        ],
        [
          false,
          false,
          true,
          true,
          false,
          true,
          true,
          true,
          false,
          true,
          true,
          false
        ],
        [
          false,
          true,
          true,
          false,
          false,
          true,
          true,
          true,
          false,
          true,
          true,
          false
        ],
        [
          false,
          true,
          false,
          false,
          false,
          true,
          true,
          true,
          false,
          true,
          false,
          false
        ],
        [
          false,
          false,
          false,
          false,
          false,
          false,
          false,
          false,
          true,
          false,
          false,
          false
        ],
        [
          false,
          true,
          true,
          true,
          false,
          true,
          true,
          true,
          false,
          true,
          true,
          false
        ],
        [
          false,
          true,
          true,
          false,
          false,
          true,
          true,
          false,
          false,
          true,
          true,
          false
        ],
        [
          false,
          false,
          false,
          false,
          false,
          false,
          false,
          false,
          false,
          false,
          false,
          true
        ]
      ]
    }
  ]
}