{
  "network_id": 1,
  "spread_model": "LT",
  "correlations": [
    {
      "spread": "LT",
      "prob": 0.25,
      "n_rows": 60000,
      "avg": 0.34367,
      "std": 0.466791,
      "removed": 0,
      "labels": [
        "dir=IN;k=0",
        "dir=IN;k=1",
        "dir=IN;k=4",
        "dir=IN;k=6",
        "dir=OUT;k=0",
        "dir=OUT;k=1",
        "dir=OUT;k=4",
        "dir=OUT;k=6",
        "dir=ALL;k=0",
        "dir=ALL;k=1",
        "dir=ALL;k=4",
        "dir=ALL;k=6"
      ],
      "matrix": [
        [
          1.0,
          0.035723,
          0.010003,
          0.010003,
          1.0,
          0.035742,
          0.010003,
          0.010003,
          1.0,
          0.035195,
          0.010003,
          0.010003
        ],
        [
          0.035723,
          1.0,
          -0.018802,
          -0.018802,
          0.035723,
          0.032882,
          -0.018802,
          -0.018802,
          0.035723,
          0.167917,
          -0.018802,
          -0.018802
        ],
        [
          0.010003,
          -0.018802,
          1.0,
          1.0,
          0.010003,
          0.013038,
          1.0,
          1.0,
          0.010003,
          -0.018469,
          1.0,
          1.0
        ],
        [
          0.010003,
          -0.018802,
          1.0,
          1.0,
          0.010003,
          0.013038,
          1.0,
          1.0,
          0.010003,
          -0.018469,
          1.0,
          1.0
        ],
        [
          1.0,
          0.035723,
          0.010003,
          0.010003,
          1.0,
          0.035742,
          0.010003,
          0.010003,
          1.0,
          0.035195,
          0.010003,
          0.010003
        ],
        [
          0.035742,
          0.032882,
          0.013038,
          0.013038,
          0.035742,
          1.0,
          0.013038,
          0.013038,
          0.035742,
          0.188812,
          0.013038,
          0.013038
        ],
        [
          0.010003,
          -0.018802,
          1.0,
          1.0,
          0.010003,
          0.013038,
          1.0,
          1.0,
          0.010003,
          -0.018469,
          1.0,
          1.0
        ],
        [
          0.010003,
          -0.018802,
          1.0,
          1.0,
          0.010003,
          0.013038,
          1.0,
          1.0,
          0.010003,
          -0.018469,
          1.0,
          1.0
        ],
        [
          1.0,
          0.035723,
          0.010003,
          0.010003,
          1.0,
          0.035742,
          0.010003,
          0.010003,
          1.0,
          0.035195,
          0.010003,
          0.010003
        ],
        [
          0.035195,
          0.167917,
          -0.018469,
          -0.018469,
          0.035195,
          0.188812,
          -0.018469,
          -0.018469,
          0.035195,
          1.0,
          -0.018469,
          -0.018469
        ],
        [
          0.010003,
          -0.018802,
          1.0,
          1.0,
          0.010003,
          0.013038,
          1.0,
          1.0,
          0.010003,
          -0.018469,
          1.0,
          1.0
        ],
        [
          0.010003,
          -0.018802,
          1.0,
          1.0,
          0.010003,
          0.013038,
          1.0,
          1.0,
          0.010003,
          -0.018469,
          1.0,
          1.0
        ]
      ],
      "significant": [
        [
          true,
          true,
          false,
          false,
          true,
          true,
          false,
          false,
          true,
          true,
          false,
          false
        ],
        [
          true,
          true,
          false,
          false,
          true,
          true,
          false,
          false,
          true,
          true,
          false,
          false
        ],
        [
          false,
          false,
          true,
          true,
          false,
          false,
          true,
          true,
          false,
          false,
          true,
          true
        ],
        [
          false,
          false,
          true,
          true,
          false,
          false,
          true,
          true,
          false,
          false,
          true,
          true
        ],
        [
          true,
          true,
          false,
          false,
          true,
          true,
          false,
          false,
          true,
          true,
          false,
          false
        ],
        [
          true,
          true,
          false,
          false,
          true,
          true,
          false,
          false,
          true,
          true,
          false,
          false
        ],
        [
          false,
          false,
          true,
          true,
          false,
          false,
          true,
          true,
          false,
          false,
          true,
          true
        ],
        [
          false,
          false,
          true,
          true,
          false,
          false,
          true,
          true,
          false,
          false,
          true,
          true
        ],
        [
          true,
          true,
          false,
          false,
          true,
          true,
          false,
          false,
          true,
          true,
          false,
          false
        ],
        [
          true,
          true,
          false,
          false,
          true,
          true,
          false,
          false,
          true,
          true,
          false,
          false
        ],
        [
          false,
          false,
          true,
          true,
          false,
          false,
          true,
          true,
          false,
          false,
          true,
          true
        ],
        [
          false,
          false,
          true,
          true,
          false,
          false,
          true,
          true,
          false,
          false,
          true,
          true
        ]
      ]
    },
    {
      "spread": "LT",
      "prob": 0.5,
      "n_rows": 60000,
      "avg": 0.146737,
      "std": 0.326437,
      "removed": 0,
      "labels": [
        "dir=IN;k=0",
        "dir=IN;k=1",
        "dir=IN;k=4",
        "dir=IN;k=6",
        "dir=OUT;k=0",
        "dir=OUT;k=1",
        "dir=OUT;k=4",
        "dir=OUT;k=6",
        "dir=ALL;k=0",
        "dir=ALL;k=1",
        "dir=ALL;k=4",
        "dir=ALL;k=6"
      ],
      "matrix": [
        [
          1.0,
          0.035056,
          0.027192,
          0.020872,
          1.0,
          0.035092,
          0.013038,
          0.012234,
          1.0,
          0.034909,
          -0.001142,
          0.01803
        ],
        [
          0.035056,
          1.0,
          -0.002752,
          -0.022404,
          0.035056,
          0.048493,
          -0.027723,
          0.022719,
          0.035056,
          0.236031,
          -0.017949,
          -0.022697
        ],
        [
          0.027192,
          -0.002752,
          1.0,
          0.022804,
          0.027192,
          -0.019246,
          0.041046,
          0.054191,
          0.027192,
          -0.025359,
          0.060161,
          0.04353
        ],
        [
          0.020872,
          -0.022404,
          0.022804,
          1.0,
          0.020872,
          6e-06,
          0.043864,
          0.042363,
          0.020872,
          -0.004364,
          0.039357,
          0.043751
        ],
        [
          1.0,
          0.035056,
          0.027192,
          0.020872,
          1.0,
          0.035092,
          0.013038,
          0.012234,
          1.0,
          0.034909,
          -0.001142,
          0.01803
        ],
        [
          0.035092,
          0.048493,
          -0.019246,
          6e-06,
          0.035092,
          1.0,
          0.02764,
          -0.010418,
          0.035092,
          0.239191,
          -0.031874,
          -0.005058
        ],
        [
          0.013038,
          -0.027723,
          0.041046,
          0.043864,
          0.013038,
          0.02764,
          1.0,
          0.03135,
          0.013038,
          0.000375,
          0.050002,
          0.044809
        ],
        [
          0.012234,
          0.022719,
          0.054191,
          0.042363,
          0.012234,
          -0.010418,
          0.03135,
          1.0,
          0.012234,
          0.006343,
          0.014247,
          0.041426
        ],
        [
          1.0,
          0.035056,
          0.027192,
          0.020872,
          1.0,
          0.035092,
          0.013038,
          0.012234,
          1.0,
          0.034909,
          -0.001142,
          0.01803
        ],
        [
          0.034909,
          0.236031,
          -0.025359,
          -0.004364,
          0.034909,
          0.239191,
          0.000375,
          0.006343,
          0.034909,
          1.0,
          -0.032362,
          -0.023991
        ],
        [
          -0.001142,
          -0.017949,
          0.060161,
          0.039357,
          -0.001142,
          -0.031874,
          0.050002,
          0.014247,
          -0.001142,
          -0.032362,
          1.0,
          0.071756
        ],
        [
          0.01803,
          -0.022697,
          0.04353,
          0.043751,
          0.01803,
          -0.005058,
          0.044809,
          0.041426,
          0.01803,
          -0.023991,
          0.071756,
          1.0
        ]
      ],
      "significant": [
        [
          true,
          true,
          false,
          false,
          true,
          true,
          false,
          false,
          true,
          true,
          false,
          false
        ],
        [
          true,
          true,
          false,
          false,
          true,
          true,
          true,
          false,
          true,
          true,
          false,
          false
        ],
        [
          false,
          false,
          true,
          false,
          false,
          false,
          true,
          true,
          false,
          false,
          true,
          true
        ],
        [
          false,
          false,
          false,
          true,
          false,
          false,
          true,
          true,
          false,
          false,
          true,
          true
        ],
        [
          true,
          true,
          false,
          false,
          true,
          true,
          false,
          false,
          true,
          true,
          false,
          false
        ],
        [
          true,
          true,
          false,
          false,
          true,
          true,
          false,
          false,
          true,
          true,
          true,
          false
        ],
        [
          false,
          true,
          true,
          true,
          false,
          false,
          true,
          true,
          false,
          false,
          true,
          true
        ],
        [
          false,
          false,
          true,
          true,
          false,
          false,
          true,
          true,
          false,
          false,
          false,
          true
        ],
        [
          true,
          true,
          false,
          false,
          true,
          true,
          false,
          false,
          true,
          true,
          false,
          false
        ],
        [
          true,
          true,
          false,
          false,
          true,
          true,
          false,
          false,
          true,
          true,
          true,
          false
        ],
        [
          false,
          false,
          true,
          true,
          false,
          true,
          true,
          false,
          false,
          true,
          true,
          true
        ],
        [
          false,
          false,
          true,
          true,
          false,
          false,
          true,
          true,
          false,
          false,
          true,
          true
        ]
      ]
    },
    {
      "spread": "LT",
      "prob": 0.75,
      "n_rows": 60000,
      "avg": 0.457497,
      "std": 0.476204,
      "removed": 102,
      "labels": [
        "dir=IN;k=0",
        "dir=IN;k=1",
        "dir=IN;k=4",
        "dir=IN;k=6",
        "dir=OUT;k=0",
        "dir=OUT;k=1",
        "dir=OUT;k=4",
        "dir=OUT;k=6",
        "dir=ALL;k=0",
        "dir=ALL;k=1",
        "dir=ALL;k=4",
        "dir=ALL;k=6"
      ],
      "matrix": [
        [
          1.0,
          0.03477,
          null,
          null,
          1.0,
          0.034767,
          null,
          null,
          1.0,
          0.03477,
          null,
          null
        ],
        [
          0.03477,
          1.0,
          null,
          null,
          0.03477,
          0.044364,
          null,
          null,
          0.03477,
          0.128223,
          null,
          null
        ],
        [
          null,
          null,
          1.0,
          null,
          null,
          null,
          null,
          null,
          null,
          null,
          null,
          null
        ],
        [
          null,
          null,
          null,
          1.0,
          null,
          null,
          null,
          null,
          null,
          null,
          null,
          null
        ],
        [
          1.0,
          0.03477,
          null,
          null,
          1.0,
          0.034767,
          null,
          null,
          1.0,
          0.03477,
          null,
          null
        ],
        [
          0.034767,
          0.044364,
          null,
          null,
          0.034767,
          1.0,
          null,
          null,
          0.034767,
          0.12192,
          null,
          null
        ],
        [
          null,
          null,
          null,
          null,
          null,
          null,
          1.0,
          null,
          null,
          null,
          null,
          null
        ],
        [
          null,
          null,
          null,
          null,
          null,
          null,
          null,
          1.0,
          null,
          null,
          null,
          null
        ],
        [
          1.0,
          0.03477,
          null,
          null,
          1.0,
          0.034767,
          null,
          null,
          1.0,
          0.03477,
          null,
          null
        ],
        [
          0.03477,
          0.128223,
          null,
          null,
          0.03477,
          0.12192,
          null,
          null,
          0.03477,
          1.0,
          null,
          null
        ],
        [
          null,
          null,
          null,
          null,
          null,
          null,
          null,
          null,
          null,
          null,
          1.0,
          null
        ],
        [
          null,
          null,
          null,
          null,
          null,
          null,
          null,
          null,
          null,
          null,
          null,
          1.0
        ]
      ],
      "significant": [
        [
          true,
          true,
          false,
          false,
          true,
          true,
          false,
          false,
          true,
          true,
          false,
          false
        ],
        [
          true,
          true,
          false,
          false,
          true,
          true,
          false,
          false,
          true,
          true,
          false,
          false
        ],
        [
          false,
          false,
          true,
          false,
          false,
          false,
          false,
          false,
          false,
          false,
          false,
          false
        ],
        [
          false,
          false,
          false,
          true,
          false,
          false,
          false,
          false,
          false,
          false,
          false,
          false
        ],
        [
          true,
          true,
          false,
          false,
          true,
          true,
          false,
          false,
          true,
          true,
          false,
          false
        ],
        [
          true,
          true,
          false,
          false,
          true,
          true,
          false,
          false,
          true,
          true,
          false,
          false
        ],
        [
          false,
          false,
          false,
          false,
          false,
          false,
          true,
          false,
          false,
          false,
          false,
          false
        ],
        [
          false,
          false,
          false,
          false,
          false,
          false,
          false,
          true,
          false,
          false,
          false,
          false
        ],
        [
          true,
          true,
          false,
          false,
          true,
          true,
          false,
          false,
          true,
          true,
          false,
          false
        ],
        [
          true,
          true,
          false,
          false,
          true,
          true,
          false,
          false,
          true,
          true,
          false,
          false
        ],
        [
          false,
          false,
          false,
          false,
          false,
          false,
          false,
          false,
          false,
          false,
          true,
          false
        ],
        [
          false,
          false,
          false,
          false,
          false,
          false,
          false,
          false,
          false,
          false,
          false,
          true
        ]
      ]
    },
    {
      "spread": "LT",
      "prob": 1.0,
      "n_rows": 60000,
      "avg": 0.552497,
      "std": 0.462457,
      "removed": 102,
      "labels": [
        "dir=IN;k=0",
        "dir=IN;k=1",
        "dir=IN;k=4",
        "dir=IN;k=6",
        "dir=OUT;k=0",
        "dir=OUT;k=1",
        "dir=OUT;k=4",
        "dir=OUT;k=6",
        "dir=ALL;k=0",
        "dir=ALL;k=1",
        "dir=ALL;k=4",
        "dir=ALL;k=6"
      ],
      "matrix": [
        [
          1.0,
          0.034699,
          null,
          null,
          1.0,
          0.034701,
          null,
          null,
          1.0,
          0.034681,
          null,
          null
        ],
        [
          0.034699,
          1.0,
          null,
          null,
          0.034699,
          0.609753,
          null,
          null,
          0.034699,
          0.842397,
          null,
          null
        ],
        [
          null,
          null,
          1.0,
          null,
          null,
          null,
          null,
          null,
          null,
          null,
          null,
          null
        ],
        [
          null,
          null,
          null,
          1.0,
          null,
          null,
          null,
          null,
          null,
          null,
          null,
          null
        ],
        [
          1.0,
          0.034699,
          null,
          null,
          1.0,
          0.034701,
          null,
          null,
          1.0,
          0.034681,
          null,
          null
        ],
        [
          0.034701,
          0.609753,
          null,
          null,
          0.034701,
          1.0,
          null,
          null,
          0.034701,
          0.838033,
          null,
          null
        ],
        [
          null,
          null,
          null,
          null,
          null,
          null,
          1.0,
          null,
          null,
          null,
          null,
          null
        ],
        [
          null,
          null,
          null,
          null,
          null,
          null,
          null,
          1.0,
          null,
          null,
          null,
          null
        ],
        [
          1.0,
          0.034699,
          null,
          null,
          1.0,
          0.034701,
          null,
          null,
          1.0,
          0.034681,
          null,
          null
        ],
        [
          0.034681,
          0.842397,
          null,
          null,
          0.034681,
          0.838033,
          null,
          null,
          0.034681,
          1.0,
          null,
          null
        ],
        [
          null,
          null,
          null,
          null,
          null,
          null,
          null,
          null,
          null,
          null,
          1.0,
          null
        ],
        [
          null,
          null,
          null,
          null,
          null,
          null,
          null,
          null,
          null,
          null,
          null,
          1.0
        ]
      ],
      "significant": [
        [
          true,
          true,
          false,
          false,
          true,
          true,
          false,
          false,
          true,
          true,
          false,
          false
        ],
        [
          true,
          true,
          false,
          false,
          true,
          true,
          false,
          false,
          true,
          true,
          false,
          false
        ],
        [
          false,
          false,
          true,
          false,
          false,
          false,
          false,
          false,
          false,
          false,
          false,
          false
        ],
        [
          false,
          false,
          false,
          true,
          false,
          false,
          false,
          false,
          false,
          false,
          false,
          false
        ],
        [
          true,
          true,
          false,
          false,
          true,
          true,
          false,
          false,
          true,
          true,
          false,
          false
        ],
        [
          true,
          true,
          false,
          false,
          true,
          true,
          false,
          false,
          true,
          true,
          false,
          false
        ],
        [
          false,
          false,
          false,
          false,
          false,
          false,
          true,
          false,
          false,
          false,
          false,
          false
        ],
        [
          false,
          false,
          false,
          false,
          false,
          false,
          false,
          true,
          false,
          false,
          false,
          false
        ],
        [
          true,
          true,
          false,
          false,
          true,
          true,
          false,
          false,
          true,
          true,
          false,
          false
        ],
        [
          true,
          true,
          false,
          false,
          true,
          true,
          false,
          false,
          true,
          true,
          false,
          false
        ],
        [
          false,
          false,
          false,
          false,
          false,
          false,
          false,
          false,
          false,
          false,
          true,
          false
        ],
        [
          false,
          false,
          false,
          false,
          false,
          false,
          false,
          false,
          false,
          false,
          false,
          true
        ]
      ]
    }
  ]
}