{
  "network_id": 10,
  "spread_model": "LT",
  "correlations": [
    {
      "spread": "LT",
      "prob": 0.25,
      "n_rows": 102000,
      "avg": 0.345266,
      "std": 0.465555,
      "removed": 0,
      "labels": [
        "dir=IN;k=0",
        "dir=IN;k=1",
        "dir=IN;k=4",
        "dir=IN;k=6",
        "dir=OUT;k=0",
        "dir=OUT;k=1",
        "dir=OUT;k=4",
        "dir=OUT;k=6",
        "dir=ALL;k=0",
        "dir=ALL;k=1",
        "dir=ALL;k=4",
        "dir=ALL;k=6"
      ],
      "matrix": [
        [
          1.0,
          0.027017,
          0.007666,
          0.007666,
          1.0,
          0.027018,
          0.007666,
          0.007666,
          1.0,
          0.026794,
          0.007666,
          0.007666
        ],
        [
          0.027017,
          1.0,
          -0.013342,
          -0.013342,
          0.027017,
          0.036246,
          -0.013342,
          -0.013342,
          0.027017,
          0.187093,
          -0.013342,
          -0.013342
        ],
        [
          0.007666,
          -0.013342,
          1.0,
          1.0,
          0.007666,
          0.007409,
          1.0,
          1.0,
          0.007666,
          0.018357,
          1.0,
          1.0
        ],
        [
          0.007666,
          -0.013342,
          1.0,
          1.0,
          0.007666,
          0.007409,
          1.0,
          1.0,
          0.007666,
          0.018357,
          1.0,
          1.0
        ],
        [
          1.0,
          0.027017,
          0.007666,
          0.007666,
          1.0,
          0.027018,
          0.007666,
          0.007666,
          1.0,
          0.026794,
          0.007666,
          0.007666
        ],
        [
          0.027018,
          0.036246,
          0.007409,
          0.007409,
          0.027018,
          1.0,
          0.007409,
          0.007409,
          0.027018,
          0.180793,
          0.007409,
          0.007409
        ],
        [
          0.007666,
          -0.013342,
          1.0,
          1.0,
          0.007666,
          0.007409,
          1.0,
          1.0,
          0.007666,
          0.018357,
          1.0,
          1.0
        ],
        [
          0.007666,
          -0.013342,
          1.0,
          1.0,
          0.007666,
          0.007409,
          1.0,
          1.0,
          0.007666,
          0.018357,
          1.0,
          1.0
        ],
        [
          1.0,
          0.027017,
          0.007666,
          0.007666,
          1.0,
          0.027018,
          0.007666,
          0.007666,
          1.0,
          0.026794,
          0.007666,
          0.007666
        ],
        [
          0.026794,
          0.187093,
          0.018357,
          0.018357,
          0.026794,
          0.180793,
          0.018357,
          0.018357,
          0.026794,
          1.0,
          0.018357,
          0.018357
        ],
        [
          0.007666,
          -0.013342,
          1.0,
          1.0,
          0.007666,
          0.007409,
          1.0,
          1.0,
          0.007666,
          0.018357,
          1.0,
          1.0
        ],
        [
          0.007666,
          -0.013342,
          1.0,
          1.0,
          0.007666,
          0.007409,
          1.0,
          1.0,
          0.007666,
          0.018357,
          1.0,
          1.0
        ]
      ],
      "significant": [
        [
          true,
          true,
          false,
          false,
          true,
          true,
          false,
          false,
          true,
          true,
          false,
          false
        ],
        [
          true,
          true,
          false,
          false,
          true,
          true,
          false,
          false,
          true,
          true,
          false,
          false
        ],
        [
          false,
          false,
          true,
          true,
          false,
          false,
          true,
          true,
          false,
          false,
          true,
          true
        ],
        [
          false,
          false,
          true,
          true,
          false,
          false,
          true,
          true,
          false,
          false,
          true,
          true
        ],
        [
          true,
          true,
          false,
          false,
          true,
          true,
          false,
          false,
          true,
          true,
          false,
          false
        ],
        [
          true,
          true,
          false,
          false,
          true,
          true,
          false,
          false,
          true,
          true,
          false,
          false
        ],
        [
          false,
          false,
          true,
          true,
          false,
          false,
          true,
          true,
          false,
          false,
          true,
          true
        ],
        [
          false,
          false,
          true,
          true,
          false,
          false,
          true,
          true,
          false,
          false,
          true,
          true
        ],
        [
          true,
          true,
          false,
          false,
          true,
          true,
          false,
          false,
          true,
          true,
          false,
          false
        ],
        [
          true,
          true,
          false,
          false,
          true,
          true,
          false,
          false,
          true,
          true,
          false,
          false
        ],
        [
          false,
          false,
          true,
          true,
          false,
          false,
          true,
          true,
          false,
          false,
          true,
          true
        ],
        [
          false,
          false,
          true,
          true,
          false,
          false,
          true,
          true,
          false,
          false,
          true,
          true
        ]
      ]
    },
    {
      "spread": "LT",
      "prob": 0.5,
      "n_rows": 102000,
      "avg": 0.146393,
      "std": 0.329188,
      "removed": 0,
      "labels": [
        "dir=IN;k=0",
        "dir=IN;k=1",
        "dir=IN;k=4",
        "dir=IN;k=6",
        "dir=OUT;k=0",
        "dir=OUT;k=1",
        "dir=OUT;k=4",
        "dir=OUT;k=6",
        "dir=ALL;k=0",
        "dir=ALL;k=1",
        "dir=ALL;k=4",
        "dir=ALL;k=6"
      ],
      "matrix": [
        [
          1.0,
          0.026793,
          -0.010075,
          0.008075,
          1.0,
          0.02679,
          -0.010388,
          -0.010377,
          1.0,
          0.026679,
          -0.010268,
          -0.00916
        ],
        [
          0.026793,
          1.0,
          -0.004838,
          -0.013151,
          0.026793,
          0.027852,
          -0.007564,
          -0.006896,
          0.026793,
          0.329706,
          -0.019978,
          -0.001765
        ],
        [
          -0.010075,
          -0.004838,
          1.0,
          0.050082,
          -0.010075,
          -0.019841,
          0.059155,
          0.055794,
          -0.010075,
          -0.005906,
          0.062321,
          0.057313
        ],
        [
          0.008075,
          -0.013151,
          0.050082,
          1.0,
          0.008075,
          0.011609,
          0.044613,
          0.054725,
          0.008075,
          -0.003909,
          0.0538,
          0.04399
        ],
        [
          1.0,
          0.026793,
          -0.010075,
          0.008075,
          1.0,
          0.02679,
          -0.010388,
          -0.010377,
          1.0,
          0.026679,
          -0.010268,
          -0.00916
        ],
        [
          0.02679,
          0.027852,
          -0.019841,
          0.011609,
          0.02679,
          1.0,
          0.005364,
          -0.006512,
          0.02679,
          0.347565,
          -0.028437,
          -0.001804
        ],
        [
          -0.010388,
          -0.007564,
          0.059155,
          0.044613,
          -0.010388,
          0.005364,
          1.0,
          0.054709,
          -0.010388,
          -0.00448,
          0.069909,
          0.06453
        ],
        [
          -0.010377,
          -0.006896,
          0.055794,
          0.054725,
          -0.010377,
          -0.006512,
          0.054709,
          1.0,
          -0.010377,
          -0.002933,
          0.046571,
          0.070613
        ],
        [
          1.0,
          0.026793,
          -0.010075,
          0.008075,
          1.0,
          0.02679,
          -0.010388,
          -0.010377,
          1.0,
          0.026679,
          -0.010268,
          -0.00916
        ],
        [
          0.026679,
          0.329706,
          -0.005906,
          -0.003909,
          0.026679,
          0.347565,
          -0.00448,
          -0.002933,
          0.026679,
          1.0,
          -0.025673,
          0.0024
        ],
        [
          -0.010268,
          -0.019978,
          0.062321,
          0.0538,
          -0.010268,
          -0.028437,
          0.069909,
          0.046571,
          -0.010268,
          -0.025673,
          1.0,
          0.067145
        ],
        [
          -0.00916,
          -0.001765,
          0.057313,
          0.04399,
          -0.00916,
          -0.001804,
          0.06453,
          0.070613,
          -0.00916,
          0.0024,
          0.067145,
          1.0
        ]
      ],
      "significant": [
        [
          true,
          true,
          false,
          false,
          true,
          true,
          false,
          false,
          true,
          true,
          false,
          false
        ],
        [
          true,
          true,
          false,
          false,
          true,
          true,
          false,
          false,
          true,
          true,
          false,
          false
        ],
        [
          false,
          false,
          true,
          true,
          false,
          false,
          true,
          true,
          false,
          false,
          true,
          true
        ],
        [
          false,
          false,
          true,
          true,
          false,
          false,
          true,
          true,
          false,
          false,
          true,
          true
        ],
        [
          true,
          true,
          false,
          false,
          true,
          true,
          false,
          false,
          true,
          true,
          false,
          false
        ],
        [
          true,
          true,
          false,
          false,
          true,
          true,
          false,
          false,
          true,
          true,
          true,
          false
        ],
        [
          false,
          false,
          true,
          true,
          false,
          false,
          true,
          true,
          false,
          false,
          true,
          true
        ],
        [
          false,
          false,
          true,
          true,
          false,
          false,
          true,
          true,
          false,
          false,
          true,
          true
        ],
        [
          true,
          true,
          false,
          false,
          true,
          true,
          false,
          false,
          true,
          true,
          false,
          false
        ],
        [
          true,
          true,
          false,
          false,
          true,
          true,
          false,
          false,
          true,
          true,
          true,
          false
        ],
        [
          false,
          false,
          true,
          true,
          false,
          true,
          true,
          true,
          false,
          true,
          true,
          true
        ],
        [
          false,
          false,
          true,
          true,
          false,
          false,
          true,
          true,
          false,
          false,
          true,
          true
        ]
      ]
    },
    {
      "spread": "LT",
      "prob": 0.75,
      "n_rows": 102000,
      "avg": 0.484865,
      "std": 0.468723,
      "removed": 102,
      "labels": [
        "dir=IN;k=0",
        "dir=IN;k=1",
        "dir=IN;k=4",
        "dir=IN;k=6",
        "dir=OUT;k=0",
        "dir=OUT;k=1",
        "dir=OUT;k=4",
        "dir=OUT;k=6",
        "dir=ALL;k=0",
        "dir=ALL;k=1",
        "dir=ALL;k=4",
        "dir=ALL;k=6"
      ],
      "matrix": [
        [
          1.0,
          0.026708,
          null,
          null,
          1.0,
          0.026706,
          null,
          null,
          1.0,
          0.026639,
          null,
          null
        ],
        [
          0.026708,
          1.0,
          null,
          null,
          0.026708,
          0.010014,
          null,
          null,
          0.026708,
          0.461755,
          null,
          null
        ],
        [
          null,
          null,
          1.0,
          null,
          null,
          null,
          null,
          null,
          null,
          null,
          null,
          null
        ],
        [
          null,
          null,
          null,
          1.0,
          null,
          null,
          null,
          null,
          null,
          null,
          null,
          null
        ],
        [
          1.0,
          0.026708,
          null,
          null,
          1.0,
          0.026706,
          null,
          null,
          1.0,
          0.026639,
          null,
          null
        ],
        [
          0.026706,
          0.010014,
          null,
          null,
          0.026706,
          1.0,
          null,
          null,
          0.026706,
          0.470236,
          null,
          null
        ],
        [
          null,
          null,
          null,
          null,
          null,
          null,
          1.0,
          null,
          null,
          null,
          null,
          null
        ],
        [
          null,
          null,
          null,
          null,
          null,
          null,
          null,
          1.0,
          null,
          null,
          null,
          null
        ],
        [
          1.0,
          0.026708,
          null,
          null,
          1.0,
          0.026706,
          null,
          null,
          1.0,
          0.026639,
          null,
          null
        ],
        [
          0.026639,
          0.461755,
          null,
          null,
          0.026639,
          0.470236,
          null,
          null,
          0.026639,
          1.0,
          null,
          null
        ],
        [
          null,
          null,
          null,
          null,
          null,
          null,
          null,
          null,
          null,
          null,
          1.0,
          null
        ],
        [
          null,
          null,
          null,
          null,
          null,
          null,
          null,
          null,
          null,
          null,
          null,
          1.0
        ]
      ],
      "significant": [
        [
          true,
          true,
          false,
          false,
          true,
          true,
          false,
          false,
          true,
          true,
          false,
          false
        ],
        [
          true,
          true,
          false,
          false,
          true,
          false,
          false,
          false,
          true,
          true,
          false,
          false
        ],
        [
          false,
          false,
          true,
          false,
          false,
          false,
          false,
          false,
          false,
          false,
          false,
          false
        ],
        [
          false,
          false,
          false,
          true,
          false,
          false,
          false,
          false,
          false,
          false,
          false,
          false
        ],
        [
          true,
          true,
          false,
          false,
          true,
          true,
          false,
          false,
          true,
          true,
          false,
          false
        ],
        [
          true,
          false,
          false,
          false,
          true,
          true,
          false,
          false,
          true,
          true,
          false,
          false
        ],
        [
          false,
          false,
          false,
          false,
          false,
          false,
          true,
          false,
          false,
          false,
          false,
          false
        ],
        [
          false,
          false,
          false,
          false,
          false,
          false,
          false,
          true,
          false,
          false,
          false,
          false
        ],
        [
          true,
          true,
          false,
          false,
          true,
          true,
          false,
          false,
          true,
          true,
          false,
          false
        ],
        [
          true,
          true,
          false,
          false,
          true,
          true,
          false,
          false,
          true,
          true,
          false,
          false
        ],
        [
          false,
          false,
          false,
          false,
          false,
          false,
          false,
          false,
          false,
          false,
          true,
          false
        ],
        [
          false,
          false,
          false,
          false,
          false,
          false,
          false,
          false,
          false,
          false,
          false,
          true
        ]
      ]
    },
    {
      "spread": "LT",
      "prob": 1.0,
      "n_rows": 102000,
      "avg": 0.507302,
      "std": 0.471995,
      "removed": 102,
      "labels": [
        "dir=IN;k=0",
        "dir=IN;k=1",
        "dir=IN;k=4",
        "dir=IN;k=6",
        "dir=OUT;k=0",
        "dir=OUT;k=1",
        "dir=OUT;k=4",
        "dir=OUT;k=6",
        "dir=ALL;k=0",
        "dir=ALL;k=1",
        "dir=ALL;k=4",
        "dir=ALL;k=6"
      ],
      "matrix": [
        [
          1.0,
          0.02668,
          null,
          null,
          1.0,
          0.026678,
          null,
          null,
          1.0,
          0.026621,
          null,
          null
        ],
        [
          0.02668,
          1.0,
          null,
          null,
          0.02668,
          0.024587,
          null,
          null,
          0.02668,
          0.690752,
          null,
          null
        ],
        [
          null,
          null,
          1.0,
          null,
          null,
          null,
          null,
          null,
          null,
          null,
          null,
          null
        ],
        [
          null,
          null,
          null,
          1.0,
          null,
          null,
          null,
          null,
          null,
          null,
          null,
          null
        ],
        [
          1.0,
          0.02668,
          null,
          null,
          1.0,
          0.026678,
          null,
          null,
          1.0,
          0.026621,
          null,
          null
        ],
        [
          0.026678,
          0.024587,
          null,
          null,
          0.026678,
          1.0,
          null,
          null,
          0.026678,
          0.698068,
          null,
          null
        ],
        [
          null,
          null,
          null,
          null,
          null,
          null,
          1.0,
          null,
          null,
          null,
          null,
          null
        ],
        [
          null,
          null,
          null,
          null,
          null,
          null,
          null,
          1.0,
          null,
          null,
          null,
          null
        ],
        [
          1.0,
          0.02668,
          null,
          null,
          1.0,
          0.026678,
          null,
          null,
          1.0,
          0.026621,
          null,
          null
        ],
        [
          0.026621,
          0.690752,
          null,
          null,
          0.026621,
          0.698068,
          null,
          null,
          0.026621,
          1.0,
          null,
          null
        ],
        [
          null,
          null,
          null,
          null,
          null,
          null,
          null,
          null,
          null,
          null,
          1.0,
          null
        ],
        [
          null,
          null,
          null,
          null,
          null,
          null,
          null,
          null,
          null,
          null,
          null,
          1.0
        ]
      ],
      "significant": [
        [
          true,
          true,
          false,
          false,
          true,
          true,
          false,
          false,
          true,
          true,
          false,
          false
        ],
        [
          true,
          true,
          false,
          false,
          true,
          true,
          false,
          false,
          true,
          true,
          false,
          false
        ],
        [
          false,
          false,
          true,
          false,
          false,
          false,
          false,
          false,
          false,
          false,
          false,
          false
        ],
        [
          false,
          false,
          false,
          true,
          false,
          false,
          false,
          false,
          false,
          false,
          false,
          false
        ],
        [
          true,
          true,
          false,
          false,
          true,
          true,
          false,
          false,
          true,
          true,
          false,
          false
        ],
        [
          true,
          true,
          false,
          false,
          true,
          true,
          false,
          false,
          true,
          true,
          false,
          false
        ],
        [
          false,
          false,
          false,
          false,
          false,
          false,
          true,
          false,
          false,
          false,
          false,
          false
        ],
        [
          false,
          false,
          false,
          false,
          false,
          false,
          false,
          true,
          false,
          false,
          false,
          false
        ],
        [
          true,
          true,
          false,
          false,
          true,
          true,
          false,
          false,
          true,
          true,
          false,
          false
        ],
        [
          true,
          true,
          false,
          false,
          true,
          true,
          false,
          false,
          true,
          true,
          false,
          false
        ],
        [
          false,
          false,
          false,
          false,
          false,
          false,
          false,
          false,
          false,
          false,
          true,
          false
        ],
        [
          false,
          false,
          false,
          false,
          false,
          false,
          false,
          false,
          false,
          false,
          false,
          true
        ]
      ]
    }
  ]
}