{
  "network_id": 19,
  "spread_model": "LT",
  "correlations": [
    {
      "spread": "LT",
      "prob": 0.25,
      "n_rows": 144000,
      "avg": 0.344937,
      "std": 0.465656,
      "removed": 0,
      "labels": [
        "dir=IN;k=0",
        "dir=IN;k=1",
        "dir=IN;k=4",
        "dir=IN;k=6",
        "dir=OUT;k=0",
        "dir=OUT;k=1",
        "dir=OUT;k=4",
        "dir=OUT;k=6",
        "dir=ALL;k=0",
        "dir=ALL;k=1",
        "dir=ALL;k=4",
        "dir=ALL;k=6"
      ],
      "matrix": [
        [
          1.0,
          0.022615,
          0.006454,
          0.006454,
          1.0,
          0.022618,
          0.006454,
          0.006454,
          1.0,
          0.022489,
          0.006454,
          0.006454
        ],
        [
          0.022615,
          1.0,
          0.012944,
          0.012944,
          0.022615,
          0.022526,
          0.012944,
          0.012944,
          0.022615,
          0.178116,
          0.012944,
          0.012944
        ],
        [
          0.006454,
          0.012944,
          1.0,
          1.0,
          0.006454,
          0.012517,
          1.0,
          1.0,
          0.006454,
          -0.002169,
          1.0,
          1.0
        ],
        [
          0.006454,
          0.012944,
          1.0,
          1.0,
          0.006454,
          0.012517,
          1.0,
          1.0,
          0.006454,
          -0.002169,
          1.0,
          1.0
        ],
        [
          1.0,
          0.022615,
          0.006454,
          0.006454,
          1.0,
          0.022618,
          0.006454,
          0.006454,
          1.0,
          0.022489,
          0.006454,
          0.006454
        ],
        [
          0.022618,
          0.022526,
          0.012517,
          0.012517,
          0.022618,
          1.0,
          0.012517,
          0.012517,
          0.022618,
          0.175757,
          0.012517,
          0.012517
        ],
        [
          0.006454,
          0.012944,
          1.0,
          1.0,
          0.006454,
          0.012517,
          1.0,
          1.0,
          0.006454,
          -0.002169,
          1.0,
          1.0
        ],
        [
          0.006454,
          0.012944,
          1.0,
          1.0,
          0.006454,
          0.012517,
          1.0,
          1.0,
          0.006454,
          -0.002169,
          1.0,
          1.0
        ],
        [
          1.0,
          0.022615,
          0.006454,
          0.006454,
          1.0,
          0.022618,
          0.006454,
          0.006454,
          1.0,
          0.022489,
          0.006454,
          0.006454
        ],
        [
          0.022489,
          0.178116,
          -0.002169,
          -0.002169,
          0.022489,
          0.175757,
          -0.002169,
          -0.002169,
          0.022489,
          1.0,
          -0.002169,
          -0.002169
        ],
        [
          0.006454,
          0.012944,
          1.0,
          1.0,
          0.006454,
          0.012517,
          1.0,
          1.0,
          0.006454,
          -0.002169,
          1.0,
          1.0
        ],
        [
          0.006454,
          0.012944,
          1.0,
          1.0,
          0.006454,
          0.012517,
          1.0,
          1.0,
          0.006454,
          -0.002169,
          1.0,
          1.0
        ]
      ],
      "significant": [
        [
          true,
          true,
          false,
          false,
          true,
          true,
          false,
          false,
          true,
          true,
          false,
          false
        ],
        [
          true,
          true,
          false,
          false,
          true,
          true,
          false,
          false,
          true,
          true,
          false,
          false
        ],
        [
          false,
          false,
          true,
          true,
          false,
          false,
          true,
          true,
          false,
          false,
          true,
          true
        ],
        [
          false,
          false,
          true,
          true,
          false,
          false,
          true,
          true,
          false,
          false,
          true,
          true
        ],
        [
          true,
          true,
          false,
          false,
          true,
          true,
          false,
          false,
          true,
          true,
          false,
          false
        ],
        [
          true,
          true,
          false,
          false,
          true,
          true,
          false,
          false,
          true,
          true,
          false,
          false
        ],
        [
          false,
          false,
          true,
          true,
          false,
          false,
          true,
          true,
          false,
          false,
          true,
          true
        ],
        [
          false,
          false,
          true,
          true,
          false,
          false,
          true,
          true,
          false,
          false,
          true,
          true
        ],
        [
          true,
          true,
          false,
          false,
          true,
          true,
          false,
          false,
          true,
          true,
          false,
          false
        ],
        [
          true,
          true,
          false,
          false,
          true,
          true,
          false,
          false,
          true,
          true,
          false,
          false
        ],
        [
          false,
          false,
          true,
          true,
          false,
          false,
          true,
          true,
          false,
          false,
          true,
          true
        ],
        [
          false,
          false,
          true,
          true,
          false,
          false,
          true,
          true,
          false,
          false,
          true,
          true
        ]
      ]
    },
    {
      "spread": "LT",
      "prob": 0.5,
      "n_rows": 144000,
      "avg": 0.147892,
      "std": 0.328141,
      "removed": 0,
      "labels": [
        "dir=IN;k=0",
        "dir=IN;k=1",
        "dir=IN;k=4",
        "dir=IN;k=6",
        "dir=OUT;k=0",
        "dir=OUT;k=1",
        "dir=OUT;k=4",
        "dir=OUT;k=6",
        "dir=ALL;k=0",
        "dir=ALL;k=1",
        "dir=ALL;k=4",
        "dir=ALL;k=6"
      ],
      "matrix": [
        [
          1.0,
          0.022489,
          0.00281,
          0.004236,
          1.0,
          0.022487,
          -0.008875,
          0.002698,
          1.0,
          0.022422,
          0.001538,
          0.014242
        ],
        [
          0.022489,
          1.0,
          -0.008762,
          0.010891,
          0.022489,
          0.02516,
          0.000487,
          0.000868,
          0.022489,
          0.334723,
          -0.009585,
          0.000542
        ],
        [
          0.00281,
          -0.008762,
          1.0,
          0.048878,
          0.00281,
          -0.002386,
          0.039902,
          0.035935,
          0.00281,
          -0.017165,
          0.044097,
          0.060007
        ],
        [
          0.004236,
          0.010891,
          0.048878,
          1.0,
          0.004236,
          -0.000114,
          0.045477,
          0.032808,
          0.004236,
          -0.015046,
          0.056897,
          0.046801
        ],
        [
          1.0,
          0.022489,
          0.00281,
          0.004236,
          1.0,
          0.022487,
          -0.008875,
          0.002698,
          1.0,
          0.022422,
          0.001538,
          0.014242
        ],
        [
          0.022487,
          0.02516,
          -0.002386,
          -0.000114,
          0.022487,
          1.0,
          0.000974,
          -0.008959,
          0.022487,
          0.345939,
          0.002707,
          0.021483
        ],
        [
          -0.008875,
          0.000487,
          0.039902,
          0.045477,
          -0.008875,
          0.000974,
          1.0,
          0.02496,
          -0.008875,
          0.009113,
          0.062457,
          0.044323
        ],
        [
          0.002698,
          0.000868,
          0.035935,
          0.032808,
          0.002698,
          -0.008959,
          0.02496,
          1.0,
          0.002698,
          -0.007774,
          0.051475,
          0.040292
        ],
        [
          1.0,
          0.022489,
          0.00281,
          0.004236,
          1.0,
          0.022487,
          -0.008875,
          0.002698,
          1.0,
          0.022422,
          0.001538,
          0.014242
        ],
        [
          0.022422,
          0.334723,
          -0.017165,
          -0.015046,
          0.022422,
          0.345939,
          0.009113,
          -0.007774,
          0.022422,
          1.0,
          0.003024,
          0.012457
        ],
        [
          0.001538,
          -0.009585,
          0.044097,
          0.056897,
          0.001538,
          0.002707,
          0.062457,
          0.051475,
          0.001538,
          0.003024,
          1.0,
          0.06321
        ],
        [
          0.014242,
          0.000542,
          0.060007,
          0.046801,
          0.014242,
          0.021483,
          0.044323,
          0.040292,
          0.014242,
          0.012457,
          0.06321,
          1.0
        ]
      ],
      "significant": [
        [
          true,
          true,
          false,
          false,
          true,
          true,
          false,
          false,
          true,
          true,
          false,
          false
        ],
        [
          true,
          true,
          false,
          false,
          true,
          true,
          false,
          false,
          true,
          true,
          false,
          false
        ],
        [
          false,
          false,
          true,
          true,
          false,
          false,
          true,
          true,
          false,
          false,
          true,
          true
        ],
        [
          false,
          false,
          true,
          true,
          false,
          false,
          true,
          true,
          false,
          false,
          true,
          true
        ],
        [
          true,
          true,
          false,
          false,
          true,
          true,
          false,
          false,
          true,
          true,
          false,
          false
        ],
        [
          true,
          true,
          false,
          false,
          true,
          true,
          false,
          false,
          true,
          true,
          false,
          true
        ],
        [
          false,
          false,
          true,
          true,
          false,
          false,
          true,
          true,
          false,
          false,
          true,
          true
        ],
        [
          false,
          false,
          true,
          true,
          false,
          false,
          true,
          true,
          false,
          false,
          true,
          true
        ],
        [
          true,
          true,
          false,
          false,
          true,
          true,
          false,
          false,
          true,
          true,
          false,
          false
        ],
        [
          true,
          true,
          false,
          false,
          true,
          true,
          false,
          false,
          true,
          true,
          false,
          false
        ],
        [
          false,
          false,
          true,
          true,
          false,
          false,
          true,
          true,
          false,
          false,
          true,
          true
        ],
        [
          false,
          false,
          true,
          true,
          false,
          true,
          true,
          true,
          false,
          false,
          true,
          true
        ]
      ]
    },
    {
      "spread": "LT",
      "prob": 0.75,
      "n_rows": 144000,
      "avg": 0.486983,
      "std": 0.470638,
      "removed": 102,
      "labels": [
        "dir=IN;k=0",
        "dir=IN;k=1",
        "dir=IN;k=4",
        "dir=IN;k=6",
        "dir=OUT;k=0",
        "dir=OUT;k=1",
        "dir=OUT;k=4",
        "dir=OUT;k=6",
        "dir=ALL;k=0",
        "dir=ALL;k=1",
        "dir=ALL;k=4",
        "dir=ALL;k=6"
      ],
      "matrix": [
        [
          1.0,
          0.022441,
          null,
          null,
          1.0,
          0.022443,
          null,
          null,
          1.0,
          0.022401,
          null,
          null
        ],
        [
          0.022441,
          1.0,
          null,
          null,
          0.022441,
          0.008562,
          null,
          null,
          0.022441,
          0.508875,
          null,
          null
        ],
        [
          null,
          null,
          1.0,
          null,
          null,
          null,
          null,
          null,
          null,
          null,
          null,
          null
        ],
        [
          null,
          null,
          null,
          1.0,
          null,
          null,
          null,
          null,
          null,
          null,
          null,
          null
        ],
        [
          1.0,
          0.022441,
          null,
          null,
          1.0,
          0.022443,
          null,
          null,
          1.0,
          0.022401,
          null,
          null
        ],
        [
          0.022443,
          0.008562,
          null,
          null,
          0.022443,
          1.0,
          null,
          null,
          0.022443,
          0.507347,
          null,
          null
        ],
        [
          null,
          null,
          null,
          null,
          null,
          null,
          1.0,
          null,
          null,
          null,
          null,
          null
        ],
        [
          null,
          null,
          null,
          null,
          null,
          null,
          null,
          1.0,
          null,
          null,
          null,
          null
        ],
        [
          1.0,
          0.022441,
          null,
          null,
          1.0,
          0.022443,
          null,
          null,
          1.0,
          0.022401,
          null,
          null
        ],
        [
          0.022401,
          0.508875,
          null,
          null,
          0.022401,
          0.507347,
          null,
          null,
          0.022401,
          1.0,
          null,
          null
        ],
        [
          null,
          null,
          null,
          null,
          null,
          null,
          null,
          null,
          null,
          null,
          1.0,
          null
        ],
        [
          null,
          null,
          null,
          null,
          null,
          null,
          null,
          null,
          null,
          null,
          null,
          1.0
        ]
      ],
      "significant": [
        [
          true,
          true,
          false,
          false,
          true,
          true,
          false,
          false,
          true,
          true,
          false,
          false
        ],
        [
          true,
          true,
          false,
          false,
          true,
          false,
          false,
          false,
          true,
          true,
          false,
          false
        ],
        [
          false,
          false,
          true,
          false,
          false,
          false,
          false,
          false,
          false,
          false,
          false,
          false
        ],
        [
          false,
          false,
          false,
          true,
          false,
          false,
          false,
          false,
          false,
          false,
          false,
          false
        ],
        [
          true,
          true,
          false,
          false,
          true,
          true,
          false,
          false,
          true,
          true,
          false,
          false
        ],
        [
          true,
          false,
          false,
          false,
          true,
          true,
          false,
          false,
          true,
          true,
          false,
          false
        ],
        [
          false,
          false,
          false,
          false,
          false,
          false,
          true,
          false,
          false,
          false,
          false,
          false
        ],
        [
          false,
          false,
          false,
          false,
          false,
          false,
          false,
          true,
          false,
          false,
          false,
          false
        ],
        [
          true,
          true,
          false,
          false,
          true,
          true,
          false,
          false,
          true,
          true,
          false,
          false
        ],
        [
          true,
          true,
          false,
          false,
          true,
          true,
          false,
          false,
          true,
          true,
          false,
          false
        ],
        [
          false,
          false,
          false,
          false,
          false,
          false,
          false,
          false,
          false,
          false,
          true,
          false
        ],
        [
          false,
          false,
          false,
          false,
          false,
          false,
          false,
          false,
          false,
          false,
          false,
          true
        ]
      ]
    },
    {
      "spread": "LT",
      "prob": 1.0,
      "n_rows": 144000,
      "avg": 0.503681,
      "std": 0.475065,
      "removed": 102,
      "labels": [
        "dir=IN;k=0",
        "dir=IN;k=1",
        "dir=IN;k=4",
        "dir=IN;k=6",
        "dir=OUT;k=0",
        "dir=OUT;k=1",
        "dir=OUT;k=4",
        "dir=OUT;k=6",
        "dir=ALL;k=0",
        "dir=ALL;k=1",
        "dir=ALL;k=4",
        "dir=ALL;k=6"
      ],
      "matrix": [
        [
          1.0,
          0.022423,
          null,
          null,
          1.0,
          0.022423,
          null,
          null,
          1.0,
          0.022391,
          null,
          null
        ],
        [
          0.022423,
          1.0,
          null,
          null,
          0.022423,
          -0.00254,
          null,
          null,
          0.022423,
          0.687346,
          null,
          null
        ],
        [
          null,
          null,
          1.0,
          null,
          null,
          null,
          null,
          null,
          null,
          null,
          null,
          null
        ],
        [
          null,
          null,
          null,
          1.0,
          null,
          null,
          null,
          null,
          null,
          null,
          null,
          null
        ],
        [
          1.0,
          0.022423,
          null,
          null,
          1.0,
          0.022423,
          null,
          null,
          1.0,
          0.022391,
          null,
          null
        ],
        [
          0.022423,
          -0.00254,
          null,
          null,
          0.022423,
          1.0,
          null,
          null,
          0.022423,
          0.690789,
          null,
          null
        ],
        [
          null,
          null,
          null,
          null,
          null,
          null,
          1.0,
          null,
          null,
          null,
          null,
          null
        ],
        [
          null,
          null,
          null,
          null,
          null,
          null,
          null,
          1.0,
          null,
          null,
          null,
          null
        ],
        [
          1.0,
          0.022423,
          null,
          null,
          1.0,
          0.022423,
          null,
          null,
          1.0,
          0.022391,
          null,
          null
        ],
        [
          0.022391,
          0.687346,
          null,
          null,
          0.022391,
          0.690789,
          null,
          null,
          0.022391,
          1.0,
          null,
          null
        ],
        [
          null,
          null,
          null,
          null,
          null,
          null,
          null,
          null,
          null,
          null,
          1.0,
          null
        ],
        [
          null,
          null,
          null,
          null,
          null,
          null,
          null,
          null,
          null,
          null,
          null,
          1.0
        ]
      ],
      "significant": [
        [
          true,
          true,
          false,
          false,
          true,
          true,
          false,
          false,
          true,
          true,
          false,
          false
        ],
        [
          true,
          true,
          false,
          false,
          true,
          false,
          false,
          false,
          true,
          true,
          false,
          false
        ],
        [
          false,
          false,
          true,
          false,
          false,
          false,
          false,
          false,
          false,
          false,
          false,
          false
        ],
        [
          false,
          false,
          false,
          true,
          false,
          false,
          false,
          false,
          false,
          false,
          false,
          false
        ],
        [
          true,
          true,
          false,
          false,
          true,
          true,
          false,
          false,
          true,
          true,
          false,
          false
        ],
        [
          true,
          false,
          false,
          false,
          true,
          true,
          false,
          false,
          true,
          true,
          false,
          false
        ],
        [
          false,
          false,
          false,
          false,
          false,
          false,
          true,
          false,
          false,
          false,
          false,
          false
        ],
        [
          false,
          false,
          false,
          false,
          false,
          false,
          false,
          true,
          false,
          false,
          false,
          false
        ],
        [
          true,
          true,
          false,
          false,
          true,
          true,
          false,
          false,
          true,
          true,
          false,
          false
        ],
        [
          true,
          true,
          false,
          false,
          true,
          true,
          false,
          false,
          true,
          true,
          false,
          false
        ],
        [
          false,
          false,
          false,
          false,
          false,
          false,
          false,
          false,
          false,
          false,
          true,
          false
        ],
        [
          false,
          false,
          false,
          false,
          false,
          false,
          false,
          false,
          false,
          false,
          false,
          true
        ]
      ]
    }
  ]
}